reaction_index,Temp 1467.18
0,0.2888930976748671
1,0.29328105512180647
2,0.29325588444830814
3,0.293097326639736
4,0.29328740601844655
5,0.29328657187453183
6,0.29328661004948375
7,0.29328656584200397
8,0.29328656653334795
9,0.29328656752776366
10,0.29328656584200397
11,0.29328660982534993
12,0.2932868039200966
13,0.2932865792574053
14,0.29329120952561666
15,0.29335676799406757
16,0.2932473174069977
17,0.29330676870894484
18,0.2933429294715252
19,0.2932864833831396
20,0.2932865721818026
21,0.2932236487265713
22,0.2932948871577056
23,0.29329198225927816
24,0.2932878162364165
25,0.2932879695734653
26,0.29329246718117785
27,0.29328029082258417
28,0.29331801374344296
29,0.2932865529885099
30,0.29328656713844253
31,0.2932866669221119
32,0.29328625535304564
33,0.29330224011626804
34,0.2932876421897016
35,0.29326238381852077
36,0.2932865689388563
37,0.2930689123299393
38,0.2932919960957852
39,0.29328656984243273
40,0.2932865658775707
41,0.29310621889371685
42,0.29332794437783016
43,0.2932881657354184
44,0.2932867610826677
45,0.2932878223682017
46,0.29328672686029855
47,0.2932775050744289
48,0.2932865645587929
49,0.29336402265402267
50,0.2932754789734151
51,0.29328179038673796
52,0.2932866312172749
53,0.2932866503149927
54,0.2934237057428567
55,0.29333639856336396
56,0.29330716959762276
57,0.29329592180680286
58,0.29329611608575884
59,0.293240399678302
60,0.2932374476783634
61,0.2932969587682537
62,0.29328754681914415
63,0.2932769475665197
64,0.2932699163923407
65,0.29328785765722104
66,0.2932882843546419
67,0.2932858999314198
68,0.2933340766615016
69,0.29328646557372084
70,0.2932868576704317
71,0.2932871716897742
72,0.2932885226419598
73,0.2932873624928428
74,0.29328680698864884
75,0.2933097958640465
76,0.2933087266812691
77,0.2932872701774085
78,0.2932876188540932
79,0.2932868714096993
80,0.2932864383940765
81,0.29328656537367553
82,0.2932865677890959
83,0.2932865697260251
84,0.29328115385667625
85,0.29328909373117734
86,0.29323475134979443
87,0.29328662787439486
88,0.2932869768929098
89,0.29328656828303945
90,0.2932868041609836
91,0.29328658679404995
92,0.29328656485199867
93,0.293284368597334
94,0.29328643487022593
95,0.2932891995927622
96,0.2932868864428421
97,0.2932866019845464
98,0.29328656696359745
99,0.29328660034185355
100,0.2932875606594533
101,0.2932641652126082
102,0.29328453131790716
103,0.293286274714397
104,0.2932815981840944
105,0.2932867734414561
106,0.2932886190422272
107,0.2932920421985233
108,0.29328683224800733
109,0.29328656844358586
110,0.29328840328621164
111,0.2932865382790725
112,0.29328656471280706
113,0.29328655956005073
114,0.29328656631118144
115,0.2932866756216424
116,0.293287063463638
117,0.2932865081541392
118,0.29328660818501573
119,0.2932859459896351
120,0.2932865792723894
121,0.29328656427375505
122,0.29328656792625135
123,0.29328105206559385
124,0.29325588657815005
125,0.29336442872606344
126,0.2932887655356488
127,0.29329161129360964
128,0.29328265411551563
129,0.29339071145268375
130,0.29308553795857967
131,0.2932324814606927
132,0.2930413246199982
133,0.29329340154174094
134,0.29328596437165305
135,0.29328656623707977
136,0.2932866655455197
137,0.29330113747777853
138,0.29328657599096236
139,0.29328675888009487
140,0.29328660754891067
141,0.2932833758644998
142,0.2932512923297357
143,0.2932862535313492
144,0.2932865665034813
145,0.29328656859675106
146,0.29328656732794484
147,0.2932864801223212
148,0.2932865710076969
149,0.29331299680284295
150,0.29329089532682867
151,0.2932523104604811
152,0.2932413287406842
153,0.2933432241202903
154,0.29329143854606593
155,0.2932870862078065
156,0.29328656820952026
157,0.2929772112787206
158,0.2932872200355583
159,0.2932770242102659
160,0.29328796987061884
161,0.29329246605173986
162,0.2931849740521122
163,0.2932870806478467
164,0.29328849549860186
165,0.2932874471071592
166,0.29328302680287555
167,0.29328837796617685
168,0.2932866933288904
169,0.2932843333395936
170,0.29154559564475224
171,0.293287468654623
172,0.2932551382821711
173,0.29327844221519955
174,0.2932868941266101
175,0.2932879338553486
176,0.29327704202366933
177,0.29328655740548093
178,0.29328698035561723
179,0.29328656700807954
180,0.2932865659898543
181,0.2932870150052921
182,0.29328781527714093
183,0.29328664357319173
184,0.29328664234802737
185,0.29328656761463406
186,0.29328657175564843
187,0.2932865682502598
188,0.2932865688389696
189,0.29328657457027724
190,0.2932865661974504
191,0.29328657161846355
192,0.2932866822384863
193,0.2932870727253725
194,0.29328656742679965
195,0.29328668933350643
196,0.2932865650056913
197,0.29328657094270627
198,0.2932865691689725
199,0.2932509157135421
200,0.293286569442186
201,0.2933948403074886
202,0.29328602882042526
203,0.2932865768328915
204,0.29354102467451026
205,0.29328656651340185
206,0.293188601319021
207,0.2932865679648062
208,0.2932865679214214
209,0.2933298006242316
210,0.2932866096805432
211,0.2932865666592494
212,0.2932865673416691
213,0.2932865658017544
214,0.29328656730259006
215,0.2932865682632705
216,0.2932865658654774
217,0.2932865649489151
218,0.2932865662953328
219,0.29328656710588324
220,0.2932865662013685
221,0.29328656579353596
222,0.2932865658719736
223,0.29328656566374
224,0.29328656852173635
225,0.29328656584173635
226,0.29328776671011336
227,0.29328635427317795
228,0.29399992487351506
229,0.2933252524790635
230,0.29341563046430563
231,0.29328425752227627
232,0.29329951530469633
233,0.29328657436945565
234,0.2932861925845116
235,0.293286586658142
236,0.29328656863389957
237,0.293286571408443
238,0.29328656740645065
239,0.2932865661451672
240,0.2932871594513696
241,0.29328658727707985
242,0.2932865652990538
243,0.2932857319381177
244,0.2932862834611814
245,0.2938909947609327
246,0.29330494068138435
247,0.2933752987881276
248,0.29328407509680715
249,0.29328516684717915
250,0.29328656471651793
251,0.29328657561354116
252,0.2929493824034398
253,0.2932678920938267
254,0.2932865881079561
255,0.2932865682447652
256,0.2932867094744186
257,0.2932865674726623
258,0.2932865676014364
259,0.2932867447629944
260,0.29328658059069723
261,0.29328656742058706
262,0.29322071215738277
263,0.2932865675784705
264,0.29328657059578633
265,0.29328845447278185
266,0.29328656584200397
267,0.29330829972034084
268,0.2932995499956203
269,0.2932884637828727
270,0.2932158693036522
271,0.2932810655096465
272,0.293275681954173
273,0.29331199592072876
274,0.2933018334065302
275,0.2932430917472635
276,0.29327666733852703
277,0.2934361838915864
278,0.2934878359348313
279,0.29328656542658693
280,0.29328656493505084
281,0.29328658538076324
282,0.2932865869291561
283,0.29328657662500557
284,0.2932865921630042
285,0.29328464033974505
286,0.29328049094359754
287,0.2932865677855259
288,0.29328655290039723
289,0.29328657420128984
290,0.2932865817803415
291,0.29328657013486503
292,0.29328665469206067
293,0.29328654916004143
294,0.2932865672342772
295,0.29328696042612584
296,0.2932912430873715
297,0.29328973306241934
298,0.29329042033439584
299,0.2932889386531369
300,0.2932865679101842
301,0.2932865658863382
302,0.2932837239409582
303,0.2932870106843871
304,0.2932865724707013
305,0.2932865817969332
306,0.29328656584200397
307,0.29328656588020824
308,0.29328656584133406
309,0.2932865658426724
310,0.2932865658882952
311,0.29328656583921126
312,0.29328656584330143
313,0.29328656583837814
314,0.29328656591104807
315,0.29328656584311236
316,0.293286565841084
317,0.29328656584315693
318,0.2932865658430933
319,0.29328656584336665
320,0.29328656584378937
321,0.29328656588931395
322,0.29328656584294105
323,0.29328656584200397
324,0.29328656585739565
325,0.2932865661797109
326,0.29328656611860987
327,0.2932865680890909
328,0.29328656594586255
329,0.29328656823364035
330,0.29328656800915276
331,0.2932865668574039
332,0.29328656780556206
333,0.2932865658587457
334,0.29328656584200397
335,0.2932865658639931
336,0.2932865658404279
337,0.2932865682466644
338,0.2932865801495197
339,0.293286578682103
340,0.2932865680182167
341,0.2932865680240744
342,0.29328656711549145
343,0.29328657325002777
344,0.29328656623112814
345,0.2932865672810462
346,0.29328656584200397
347,0.2932865662584846
348,0.2932865669390275
349,0.2932865664334837
350,0.2932865658635376
351,0.29328656584200397
352,0.2932865658885593
353,0.29328656584200397
354,0.29328657680397013
355,0.293286545568351
356,0.29328218200087114
357,0.29328588839201214
358,0.29328645328953884
359,0.2932878285614296
360,0.2932852186823048
361,0.29330109252429176
362,0.2932855682591123
363,0.29328731757685345
364,0.29328441099132563
365,0.29328656745133663
366,0.29328656650289975
367,0.2932833974733092
368,0.293286622729685
369,0.29328707701496814
370,0.2932865718486418
371,0.2932865660069045
372,0.2932865672274831
373,0.2932865658457545
374,0.2932865668335204
375,0.29328656584253016
376,0.2932865652783546
377,0.2932865658417433
378,0.2932865656985682
379,0.29328656617162974
380,0.29328656584200397
381,0.2932865678318666
382,0.2932865658683536
383,0.29328656690504895
384,0.29328656615754584
385,0.2932865669976084
386,0.2932865658439321
387,0.2932867757444412
388,0.2933649545528654
389,0.29328715956813883
390,0.2932882053216456
391,0.29328646691597754
392,0.2933870027131316
393,0.2932576241594943
394,0.2932660482925888
395,0.29328602915493884
396,0.29318906814443696
397,0.2932864858740408
398,0.29328486299240786
399,0.2932865694597166
400,0.2932865701128253
401,0.2932871006631554
402,0.29328658238002614
403,0.29328656872987163
404,0.29328656493891764
405,0.2935766800312505
406,0.29328660150529573
407,0.29328656608951437
408,0.29328818319014954
409,0.29328658909019734
410,0.29328658859395007
411,0.29328656683334603
412,0.29328656588741225
413,0.2932866106487808
414,0.2932865679398922
415,0.2932865705157302
416,0.29328656586616014
417,0.29328656700517935
418,0.2932865666358996
419,0.2932865653875213
420,0.29328656586807267
421,0.29328656591002167
422,0.29328438531282813
423,0.2932807352682015
424,0.29328656702354583
425,0.293286567902013
426,0.29328656587549495
427,0.2932865656911177
428,0.2932865667113884
429,0.29328656732258296
430,0.29328656705843414
431,0.293286565840996
432,0.2932865666638188
433,0.2932865659032972
434,0.29328656771898814
435,0.2932865662652006
436,0.2932865675671198
437,0.29328656584200397
438,0.2932865658413021
439,0.29328656549781057
440,0.29328658804672797
441,0.29328656537566306
442,0.29328656808414655
443,0.2932865671902253
444,0.29328656584200397
445,0.29328656836313655
446,0.2932865686368751
447,0.29328656719657814
448,0.29328656748405746
449,0.2932865690795
450,0.2932865659969132
451,0.29328656638137196
452,0.2932865684544264
453,0.29328656312042445
454,0.29328670451832883
455,0.2932865647395898
456,0.29328656694433775
457,0.2932865658414953
458,0.293286567964989
459,0.2932865662930517
460,0.29328656727370456
461,0.29328656226616995
462,0.29328656995396024
463,0.2932865701753433
464,0.29328656584200397
465,0.2932865676991881
466,0.2932865681612591
467,0.29328656584510393
468,0.29328656584231594
469,0.2932865658769139
470,0.29328656584122875
471,0.29328656801232944
472,0.29328656584122875
473,0.29328656584200397
474,0.2932865658421469
475,0.29328656584200397
476,0.29328656584122875
477,0.29328656584200397
478,0.29328656584200397
479,0.29328656584200397
480,0.29328656584200397
481,0.29328656584122875
482,0.29328656584122875
483,0.29328656584200397
484,0.2932865658402977
485,0.2932865658402977
486,0.29328656584200397
487,0.29328656584200397
488,0.29328656584122875
489,0.29328656584122875
490,0.29328656584105217
491,0.2932865658413021
492,0.29328656584122875
493,0.2932865658421469
494,0.29328656584122875
495,0.29328656584200397
496,0.29328656584200397
497,0.2932865674561852
498,0.2932865646682503
499,0.2932865649643704
500,0.2932865678621415
501,0.2932865658686243
502,0.29328656874166575
503,0.29328656859735786
504,0.29328656584200397
505,0.29328656584200397
506,0.29328656746371873
507,0.29328656662569624
508,0.2932865645473749
509,0.29328656584200397
510,0.2932865679940029
511,0.29328656584200397
512,0.29328656584200397
513,0.2932865658416385
514,0.2932865668613058
515,0.29328656544174997
516,0.29328656743710885
517,0.2932865658408392
518,0.2932865658416385
519,0.29328656584290186
520,0.29328656584262425
521,0.29328656587039503
522,0.29328656584200397
523,0.29328656584266266
524,0.29328656584122875
525,0.29328656584200397
526,0.2932865672571778
527,0.2932865658424727
528,0.29328656584200397
529,0.2932865658433755
530,0.29328656584342144
531,0.29328656550695886
532,0.2932865658669668
533,0.2932865665285737
534,0.29328656584122875
535,0.29328656584200397
536,0.29328656584122875
537,0.29328656584200397
538,0.29328656584200397
539,0.29328656584122875
540,0.29328656584122875
541,0.2932865658417433
542,0.29328656584200397
543,0.29328656839472367
544,0.29328652977576913
545,0.2932864329662913
546,0.2931831667789035
547,0.2932691605964944
548,0.2935675913580895
549,0.2933292818863709
550,0.29335323705241734
551,0.2935921718197037
552,0.2932857087325418
553,0.29361441034522423
554,0.2932877645821635
555,0.29329821692372904
556,0.29328654969276935
557,0.29328417402704166
558,0.2932866222364596
559,0.29328180573912915
560,0.29329483056333866
561,0.29328656572893164
562,0.293286969305133
563,0.2932873167185298
564,0.29328656794348545
565,0.29328656584254925
566,0.2932865670680783
567,0.2932866194773689
568,0.29328769151092254
569,0.29328221541277655
570,0.2932865654511738
571,0.29329215622550514
572,0.29328657457548424
573,0.29328690897181564
574,0.29328656584200397
575,0.293286568316142
576,0.2932865675575857
577,0.29328656708875817
578,0.2932866193560592
579,0.29328656731816777
580,0.2932865660806169
581,0.293286565886341
582,0.293286569548942
583,0.29328656832781935
584,0.29328656958067323
585,0.29328656710910717
586,0.29328656765140587
587,0.293286568161067
588,0.2932865658417433
589,0.293286566679131
590,0.29328657125394586
591,0.29328656786937746
592,0.29328656517369767
593,0.29328656735328806
594,0.29328656666622155
595,0.2932865660102448
596,0.29328527313888647
597,0.29327978471275773
598,0.2932864657507088
599,0.29328656584200397
600,0.29328646917063583
601,0.2932865571119617
602,0.2932865658945202
603,0.2932865656253119
604,0.2932865213590958
605,0.29328591546869476
606,0.2932865648653241
607,0.2932865610637767
608,0.2932865681171657
609,0.29328656584200397
610,0.29328656669142
611,0.29328656644911344
612,0.293286576053216
613,0.2932865859366312
614,0.29328656772247785
615,0.2932865658721642
616,0.2932865682411775
617,0.29328656584200397
618,0.29328656971653594
619,0.2932865688061607
620,0.2932865695706311
621,0.29328656924459473
622,0.29328659038227195
623,0.29329526020581737
624,0.29329674375161585
625,0.29329315951776275
626,0.2932866350122806
627,0.2932867628839545
628,0.2932863701619582
629,0.2932865210490079
630,0.29328769226075857
631,0.2932879039354448
632,0.29328656208405807
633,0.29317833867150583
634,0.2932768836547822
635,0.29328636100945216
636,0.2932864934219921
637,0.293286569775173
638,0.2932865696820114
639,0.2932869506019297
640,0.2932865659166363
641,0.29328644998953374
642,0.2932865668911901
643,0.29328656680073834
644,0.29328656707577405
645,0.2932865831596311
646,0.2932867437207605
647,0.29328660998136596
648,0.2932865678393599
649,0.29328656469572434
650,0.2932865658421469
651,0.29328656531272557
652,0.29328656882896487
653,0.2932865670799533
654,0.29328656731781144
655,0.2932865677087088
656,0.29328656739216685
657,0.2932865704041042
658,0.29328656421277466
659,0.2932865621262566
660,0.29328656672880177
661,0.2932865533279964
662,0.2932865663531293
663,0.293286566676786
664,0.29328656819816046
665,0.2932865698390454
666,0.29328656673746706
667,0.2932865640144529
668,0.29328656854050006
669,0.2932866432657773
670,0.29328656584174323
671,0.2932865658416385
672,0.29328656584200397
673,0.29328656584200397
674,0.29328656584200397
675,0.29328656584200397
676,0.29328656584200397
677,0.29328656584200397
678,0.29328656584200397
679,0.293293157251075
680,0.2932865658423496
681,0.2932865658432504
682,0.29328656584200397
683,0.29328651348228774
684,0.29328656492559374
685,0.29328656551312454
686,0.2932865643969836
687,0.29328656802709663
688,0.2932865652688027
689,0.293286567853252
690,0.2932866201626767
691,0.29328656823642096
692,0.29328656588455015
693,0.2932865683926386
694,0.29328656584051205
695,0.293286568314946
696,0.2932865674211343
697,0.2932865701953749
698,0.2932865656149601
699,0.2932865692968233
700,0.29328657032625
701,0.29328656616536314
702,0.2932865657592096
703,0.2932865639035443
704,0.29328656584174323
705,0.2932865677009795
706,0.29328656806632614
707,0.2932865664986213
708,0.2932865658407256
709,0.29328656584122875
710,0.2932865655208418
711,0.29328656817738297
712,0.29328656515495993
713,0.2932228638416809
714,0.29328656425901456
715,0.29328656794273983
716,0.29328656757079485
717,0.29328656621742655
718,0.2932865658727358
719,0.29328656810001413
720,0.29328656510413864
721,0.2932865664190147
722,0.29328656449003
723,0.29328656584122875
724,0.29328656584174323
725,0.2932865658402977
726,0.29328656825635
727,0.2932865660838081
728,0.2932865644140971
729,0.2932865697262668
730,0.29328656582494117
731,0.2932865680041922
732,0.2932865650678391
733,0.29328656706956646
734,0.2932865660314058
735,0.293286569579062
736,0.29328656587797197
737,0.293019158274986
738,0.2932366943662094
739,0.2932866927112031
740,0.29328615655894813
741,0.293286570919399
742,0.29328660474240426
743,0.2932865653919635
744,0.29328725099762687
745,0.2932865737928458
746,0.293286569948812
747,0.2932856184388437
748,0.29328656719066554
749,0.2932861568184388
750,0.2932865766329692
751,0.29328612157075334
752,0.29328628304320065
753,0.2932865605539199
754,0.29328656538648523
755,0.29328656924376584
756,0.29328656955302634
757,0.29328658000770286
758,0.2932865691921598
759,0.29328658094436755
760,0.29328656825200594
761,0.29328657555039306
762,0.2932865734689906
763,0.2932835638894613
764,0.29328684186839826
765,0.29328656584200397
766,0.2932865793774585
767,0.29328656545767046
768,0.2932865658426801
769,0.29328656584115936
770,0.29328656647482837
771,0.29328656612108905
772,0.29328517347401223
773,0.2932865648678339
774,0.2932865659804885
775,0.2932865221969369
776,0.2932856842524097
777,0.29328656707753575
778,0.29328682199756195
779,0.29328656032794265
780,0.29328551328212465
781,0.2932876344409265
782,0.29328652561942803
783,0.29330504111374966
784,0.29329324724992784
785,0.2933139578468322
786,0.2932865814717232
787,0.2932866621582223
788,0.29327758888653827
789,0.29328594115158857
790,0.293254791065247
791,0.2932768592175838
792,0.29328662394993144
793,0.29328660287760455
794,0.293286567670129
795,0.2932865760948604
796,0.29328671829411507
797,0.2932865671498086
798,0.2932865797798418
799,0.2932866331055957
800,0.2932865684326932
801,0.2932865664421661
802,0.29328656842912293
803,0.29328656762707966
804,0.2932865668931097
805,0.2932864801025255
806,0.29328653359444157
807,0.29328656586505486
808,0.29328656584200397
809,0.2933179136195379
810,0.29328684185952286
811,0.29328657152041965
812,0.2932865670969574
813,0.2932865681669076
814,0.29328648218558195
815,0.29328656584200397
816,0.29328656584200397
817,0.29328656584200397
818,0.2932865669258837
819,0.29328656693212746
820,0.2932865682538386
821,0.29328656584200397
822,0.29328657048451584
823,0.2932865655467861
824,0.29328656598386055
825,0.2932865658435556
826,0.29328027710063076
827,0.2932865559726717
828,0.2932877266240767
829,0.2932873912279594
830,0.2932865565271228
831,0.2932857143378242
832,0.2932873134637741
833,0.2932865634789246
834,0.293286673213527
835,0.29328745183087285
836,0.29328649312108307
837,0.29329908789918707
838,0.29330817047667596
839,0.29328452895599144
840,0.2933229647318332
841,0.2932800102012098
842,0.29328466485368276
843,0.29329212146420597
844,0.29328665260077313
845,0.2932865680249884
846,0.2932865659775789
847,0.29328657461348695
848,0.293286565673192
849,0.29328654219693917
850,0.29328656130437597
851,0.29328656685429055
852,0.29328656584200397
853,0.29328654279901856
854,0.2932864652445822
855,0.29328656592038677
856,0.2932867278372728
857,0.2932865996849228
858,0.29328656371331585
859,0.293286574830048
860,0.29328671080924407
861,0.29328659353792363
862,0.2932866282603183
863,0.293286567644895
864,0.29328656768043115
865,0.2932865682205385
866,0.29328656839202677
867,0.2932865685789198
868,0.2932865663331951
869,0.29328656584200397
870,0.29327110035087356
871,0.29328656584200397
872,0.2932865772173478
873,0.29328662923982163
874,0.29323440836939046
875,0.29328257119909795
876,0.29328641722857196
877,0.2932865999995899
878,0.2932865849040693
879,0.2932865183482902
880,0.2932865575397494
881,0.2932866460429112
882,0.2932866637155593
883,0.2930689566437546
884,0.2932867824769016
885,0.2932865643999675
886,0.2932740452935505
887,0.2932872172353669
888,0.2932865825054893
889,0.29328657115501783
890,0.29328741910983996
891,0.29330275328147476
892,0.293287018668223
893,0.2932874104936207
894,0.2932866391341441
895,0.29328736719191645
896,0.2932879482437695
897,0.2932874853789696
898,0.29328710586448303
899,0.29328901913976224
900,0.2932865136983717
901,0.29327640660653187
902,0.2932865034452509
903,0.29328656840374334
904,0.2932865698579137
905,0.29328656673413805
906,0.29328656517359947
907,0.2932865676377661
908,0.29328656914578544
909,0.2932865653468462
910,0.29328656932833436
911,0.29328656567940387
912,0.29328656670308595
913,0.2932865723359361
914,0.2932865885588755
915,0.293286568377056
916,0.29328656568722256
917,0.29328656994898805
918,0.2932866663204719
919,0.2932865804385771
920,0.2932865676260638
921,0.29328657770368527
922,0.2932866122914709
923,0.2932865807499365
924,0.2932865630066658
925,0.293286565841029
926,0.2932865658421469
927,0.2932865658413021
928,0.29328656584200397
929,0.29328656584122875
930,0.29328656584122875
931,0.29328656584200397
932,0.29328656584122875
933,0.29328656586731267
934,0.29328656589022795
935,0.29328656589016155
936,0.29328656584418955
937,0.29328656591149893
938,0.29328656584200397
939,0.29328656584111623
940,0.29328656584265494
941,0.29328656584209944
942,0.293286565843468
943,0.29328656584122875
944,0.29328656584200397
945,0.29328656584090057
946,0.2932865658435528
947,0.29328656584200397
948,0.2932865658864462
949,0.2932865658427773
950,0.29328656586067137
951,0.2932865658423389
952,0.29328656584200397
953,0.29328656584200397
954,0.29328656584200397
955,0.29328656584200397
956,0.2932865658402977
957,0.29328656584200397
958,0.2932865658439321
959,0.29328656584200397
960,0.2932865682254742
961,0.29328656584200397
962,0.29328656586922974
963,0.2932865670258811
964,0.2932867807999031
965,0.29328551233469474
966,0.29328734533645806
967,0.29328645652002544
968,0.2932865822337874
969,0.2932865911907413
970,0.2932891185912984
971,0.2932853801691218
972,0.29328657118180984
973,0.29328670201781787
974,0.29328658384012735
975,0.29327770420157373
976,0.2932650149567892
977,0.2932865703206113
978,0.29328657201145175
979,0.2932865691443545
980,0.29328656703155503
981,0.2932865609307031
982,0.2932866036151206
983,0.2932865699945168
984,0.29328664984982844
985,0.29328656607841214
986,0.2932865677860744
987,0.29328656584235396
988,0.29328656568539596
989,0.2932865666628868
990,0.29328656584193813
991,0.2932865692276289
992,0.2932865658413853
993,0.29328656584174323
994,0.2932865697546935
995,0.29328659292422643
996,0.2932865689367627
997,0.2932865658696501
998,0.2932865902178398
999,0.2932865853243861
1000,0.29328656571603995
1001,0.29328656584174323
1002,0.2932865658789835
1003,0.293286567934173
1004,0.2932865659330008
1005,0.2932865658429279
1006,0.2932865658616648
1007,0.2932865696604484
1008,0.2932865667914315
1009,0.29328656884447074
1010,0.29328656661795016
1011,0.2932865659412562
1012,0.29328656652674184
1013,0.29328656454650226
1014,0.29328656337434805
1015,0.2932865693320057
1016,0.2932865679562133
1017,0.29328656489894867
1018,0.29328656600684294
1019,0.2932865660448012
1020,0.2932865641113882
1021,0.29328656599607944
1022,0.2932865650386732
1023,0.2932868003424516
1024,0.29328656918294305
1025,0.2932865684785478
1026,0.29328656502499295
1027,0.2932865652654934
1028,0.293286567890089
1029,0.293286567640604
1030,0.2932865655744149
1031,0.29328656622573684
1032,0.2932865652647032
1033,0.2932865620310993
1034,0.293286565715568
1035,0.2932865647181845
1036,0.293286567462735
1037,0.2932865666872371
1038,0.2932865658402977
1039,0.29328656621742655
1040,0.29328656792568913
1041,0.29328656587014484
1042,0.2932865665143654
1043,0.29328656847327816
1044,0.2932865664619205
1045,0.29328656934804237
1046,0.2932865680825603
1047,0.2932865661584905
1048,0.2932865671237531
1049,0.2932865658439321
1050,0.29328656804539543
1051,0.29328656770501205
1052,0.2932865671872961
1053,0.29328656838070766
1054,0.293286565776069
1055,0.29328656589754465
1056,0.29328656584249063
1057,0.2932865680108545
1058,0.29328656542264187
1059,0.2932865685332947
1060,0.29328656740251535
1061,0.2932856543836774
1062,0.2932865686159137
1063,0.2932865667724427
1064,0.29328656520800134
1065,0.29328656884934473
1066,0.29328656756690935
1067,0.2932865661880951
1068,0.29328656587334195
1069,0.2932865658445908
1070,0.2932865658409136
1071,0.2932865679798701
1072,0.29328656585308926
1073,0.29328656667626757
1074,0.29328656584334056
1075,0.29328656551397503
1076,0.29328656584202617
1077,0.29328656561094085
1078,0.2932865678096851
1079,0.2932865658417433
1080,0.29328656584174323
1081,0.29328656584435947
1082,0.29328656587223345
1083,0.2932865658763631
1084,0.2932865658417433
1085,0.29328656584163426
1086,0.29328656741782266
1087,0.2932865667322769
1088,0.29328656840648937
1089,0.2932865656324166
1090,0.2932865679076076
1091,0.293286565912229
1092,0.29328656588678015
1093,0.29328656584140395
1094,0.29328656671619163
1095,0.29332028606344895
1096,0.29328656902143274
1097,0.29328656888690374
1098,0.29328656584237295
1099,0.29328656664389113
1100,0.29328656584200397
1101,0.29328656684533594
1102,0.29328656665619934
1103,0.29328656899128974
1104,0.2932865679611739
1105,0.2932865668845236
1106,0.2932865688535316
1107,0.29328656589372626
1108,0.293286567087853
1109,0.2932865681381815
1110,0.29328656800372876
1111,0.29328656808583553
1112,0.29328656848437923
1113,0.2932865693177023
1114,0.2932865667580317
1115,0.29328656584200397
1116,0.29328656771536704
1117,0.29328656584122875
1118,0.2932865638728039
1119,0.2932865636768479
1120,0.29328656698256456
1121,0.2932865663121428
1122,0.29328656768580746
1123,0.293286566850783
1124,0.2932865658408616
1125,0.29328656688047977
1126,0.29328656584120644
1127,0.29328656274652976
1128,0.29328656584200397
1129,0.29328656584200397
1130,0.29328656584200397
1131,0.29328656823226745
1132,0.29328656271232456
1133,0.2932865659202958
1134,0.2932865698177397
1135,0.29328656496022865
1136,0.2932865648380306
1137,0.2932865675249445
1138,0.2932865669570277
1139,0.29328656591859453
1140,0.2932865658402977
1141,0.2932865666705083
1142,0.2932865658410946
1143,0.29328656584346413
1144,0.29328656584200397
1145,0.2932865678738911
1146,0.2932865675407292
1147,0.2932865658927889
1148,0.29328656716925905
1149,0.2932865665728777
1150,0.2932865679653339
1151,0.2932865647330179
1152,0.2932865626155142
1153,0.2932865682486907
1154,0.2932865636263967
1155,0.29328656584200397
1156,0.29328656584200397
1157,0.2932865658420127
1158,0.2932865658400181
1159,0.29328656584200397
1160,0.2932865681394989
1161,0.29328656587065977
1162,0.29328656592362856
1163,0.2932865658622352
1164,0.29328656572905576
1165,0.2932865658683624
1166,0.2932865658422908
1167,0.29328656794444063
1168,0.29328656584200397
1169,0.29328656584200397
1170,0.2932865658402977
1171,0.29328656584200397
1172,0.29328656815525667
1173,0.2932556848985423
1174,0.2932865588152561
1175,0.29328691757068703
1176,0.2932865440462657
1177,0.29328656643126677
1178,0.2932865683700467
1179,0.2932865656862713
1180,0.2932865682966045
1181,0.29328656735832975
1182,0.2932853341256169
1183,0.29328656442050643
1184,0.29328656777638135
1185,0.2932865674407329
1186,0.29328656428361644
1187,0.29328656833008265
1188,0.29328656617764287
1189,0.29328656584078794
1190,0.29328656483909304
1191,0.2932865598443277
1192,0.29328656764174027
1193,0.2932865658413021
1194,0.29328656584122875
1195,0.2932865658402977
1196,0.29328656584200397
1197,0.2932865658421469
1198,0.29328656584200397
1199,0.29328656584200397
1200,0.29328656584200397
1201,0.29328656584200397
1202,0.29328656584200397
1203,0.29328656584200397
1204,0.29328656584200397
1205,0.29328656584200397
1206,0.29328656584200397
1207,0.29328656584200397
1208,0.29328656584200397
1209,0.29328656588415686
1210,0.2932865658402853
1211,0.2932865658409989
1212,0.29328656584200397
1213,0.2932865658434723
1214,0.293286565838959
1215,0.29328656584200397
1216,0.2932865653103205
1217,0.293281965527426
1218,0.29328656726131
1219,0.29328654718975283
1220,0.2932862306699232
1221,0.2932876070720217
1222,0.2932696107148932
1223,0.29328404486859205
1224,0.2932834160240662
1225,0.2932865671157118
1226,0.29328655998089187
1227,0.29328656600110997
1228,0.2932865685129186
1229,0.29328656835397193
1230,0.2932866252890165
1231,0.29328656577941614
1232,0.29328656618844995
1233,0.29328656928206437
1234,0.29328656748805954
1235,0.2932865682215655
1236,0.293286564815098
1237,0.29328656811193954
1238,0.293286564475557
1239,0.29328656584254115
1240,0.2932865692322792
1241,0.2932865675405848
1242,0.2932865659893641
1243,0.29328656930271274
1244,0.29328656759171046
1245,0.29328656584200397
1246,0.29328656791049396
1247,0.2932865671116173
1248,0.2932865685433145
1249,0.29328656755564536
1250,0.29328656697460326
1251,0.2932865659759419
1252,0.29328656810363707
1253,0.2932865668199694
1254,0.2932865660252562
1255,0.2932865658701648
1256,0.2932865658788937
1257,0.2932865652768211
1258,0.29328656584200397
1259,0.2932865665056955
1260,0.2932865677069303
1261,0.2932865626050437
1262,0.29328656655735164
1263,0.2932865668621453
1264,0.29328656449046775
1265,0.2932865662832146
1266,0.29328656584354956
1267,0.2932865658402977
