reaction_index,Temp 1818.18 x: 4.0
0,0.10665167704102678
1,0.10725484108160142
2,0.10724805445842214
3,0.10722899033472678
4,0.10725579618055205
5,0.10725536949000979
6,0.10725537588167976
7,0.10725536956030864
8,0.1072553688522138
9,0.10725536895494692
10,0.10725536956030864
11,0.10725536961249336
12,0.10725535977237802
13,0.10725536363333361
14,0.10725563519241443
15,0.10725660209296993
16,0.1072546972765824
17,0.1072557738572059
18,0.10725557358244639
19,0.10725536553010775
20,0.10725536923914447
21,0.10725514497996048
22,0.10725541076040612
23,0.10725535955782611
24,0.10725537821601709
25,0.10725537062471593
26,0.10725537736542416
27,0.10725459516664616
28,0.10725505997411584
29,0.10725532987857551
30,0.10725536532622386
31,0.10725536919600837
32,0.107255229435462
33,0.1072558894305981
34,0.10725539344766746
35,0.10725615536148382
36,0.1072553693883324
37,0.10723392080495273
38,0.10725551634728117
39,0.10725536926177168
40,0.10725536864365028
41,0.10723129957141657
42,0.10725884921161331
43,0.10725547213263525
44,0.10725553408767166
45,0.10725568882820435
46,0.10725537518155995
47,0.10724917015117377
48,0.10725537294730807
49,0.10726218969552388
50,0.10725550555448696
51,0.10725535496929148
52,0.10725538149085634
53,0.10725536960433521
54,0.107278915469401
55,0.10726266555311834
56,0.10725670617972806
57,0.10725923958181323
58,0.10725563503085568
59,0.10725503908410676
60,0.10730253456606172
61,0.10726444994527878
62,0.10725535602690078
63,0.10725430280507509
64,0.10724493240622446
65,0.10725463585233058
66,0.10725545644523751
67,0.10725364418410953
68,0.10725778312387206
69,0.10725536342688913
70,0.10725538069871891
71,0.10725540533674242
72,0.10725545550952877
73,0.10725537767114204
74,0.10725536993167362
75,0.10725597128843205
76,0.1072554752382608
77,0.10725537420165494
78,0.10725538056909194
79,0.10725536996765937
80,0.1072553544196931
81,0.10725536916996496
82,0.10725536881230635
83,0.10725536951810007
84,0.107271158738985
85,0.10725539442545975
86,0.10725468566529625
87,0.10725537024543383
88,0.10725537445484021
89,0.10725536939475303
90,0.10725537041338772
91,0.10725536951291076
92,0.10725536879628193
93,0.10725499470446087
94,0.10725536205257186
95,0.10725546278734348
96,0.1072554354562733
97,0.10725537584619536
98,0.10725537368757965
99,0.10725537337782408
100,0.10725694679337004
101,0.10725236300910108
102,0.10725531675321816
103,0.10725536750832819
104,0.1072551816353235
105,0.10725537631244476
106,0.10725547466564471
107,0.10725576613088329
108,0.10725536413365366
109,0.1072553691570112
110,0.1072553871779185
111,0.10725536827118051
112,0.10725536925162892
113,0.10725536907754882
114,0.10725536902733075
115,0.1072553697778235
116,0.10725537246701516
117,0.10725536859903481
118,0.10725536991670183
119,0.10725536901637893
120,0.10725536981897663
121,0.10725536893097479
122,0.10725536901032674
123,0.10725484121323903
124,0.10724805481209476
125,0.10725443493375753
126,0.10725577783150524
127,0.107255954471956
128,0.10725518986980637
129,0.10725568322410109
130,0.10724639564338305
131,0.10725037440971634
132,0.10724892060471806
133,0.10725541445402423
134,0.10725536638383823
135,0.1072553693802307
136,0.10725535890903205
137,0.10725912998667105
138,0.10725536941740714
139,0.10725536299219483
140,0.10725536826492708
141,0.10725527638573769
142,0.10725368152367287
143,0.10725533243541745
144,0.10725536450582406
145,0.1072553656858188
146,0.10725536943578433
147,0.10725536546209494
148,0.10725536929850947
149,0.107256145188036
150,0.10725596074317854
151,0.10725494689610783
152,0.1072483585162738
153,0.10725830089792665
154,0.10725545866496636
155,0.10725537091556277
156,0.10725536948993898
157,0.10724938846638501
158,0.10725540135981788
159,0.10725509886117109
160,0.10725537067158238
161,0.10725537739623826
162,0.10723917509661866
163,0.10725538005593308
164,0.1072553972095222
165,0.1072553850644562
166,0.10725530367844961
167,0.10725538235781487
168,0.10725536955470165
169,0.10725515434946593
170,0.10723062296623165
171,0.10725537252468857
172,0.10725525063917503
173,0.10725203699826996
174,0.10725537279520336
175,0.10725546262602736
176,0.1072552887185754
177,0.107255368867134
178,0.10725536718384485
179,0.10725536940108164
180,0.10725536912738398
181,0.10725535813110142
182,0.10725536627082452
183,0.10725537444586948
184,0.10725536790831713
185,0.10725536883291403
186,0.10725536920001394
187,0.10725536933678582
188,0.1072553695628322
189,0.10725536807075817
190,0.10725536932100607
191,0.1072553694159776
192,0.10725536891500011
193,0.1072553736286717
194,0.10725536940434768
195,0.10725535066068292
196,0.10725536916960053
197,0.10725536904114866
198,0.10725536891380269
199,0.1072551710509873
200,0.10725536918215914
201,0.10725704835944094
202,0.10725461816857648
203,0.10725513062662893
204,0.10727267663875477
205,0.10725536957229294
206,0.10725304148475534
207,0.10725536940445536
208,0.1072553692167598
209,0.10725557320708595
210,0.10725537766659941
211,0.10745621547957837
212,0.10726871338157104
213,0.10727002594256736
214,0.10725524016084122
215,0.10725666146721499
216,0.1072637889122029
217,0.10725224314068668
218,0.10724666048151925
219,0.10724235066863093
220,0.10725536864157384
221,0.10725538149468251
222,0.10727541156279857
223,0.10726015349188192
224,0.10725611404283948
225,0.10725536908543323
226,0.10725433778391996
227,0.10725536547949113
228,0.10728038018870674
229,0.10725785920521942
230,0.10725606558175692
231,0.1072553663809839
232,0.1072556136559773
233,0.10725536945897261
234,0.10725536103114867
235,0.10725536934805625
236,0.10725536937533048
237,0.10725536953126298
238,0.10725536942568764
239,0.10725536912189038
240,0.10725536995067662
241,0.10725536904606801
242,0.10725631652912837
243,0.1072542733640309
244,0.10725536325976433
245,0.10728767702002583
246,0.10725930077605128
247,0.107256168321873
248,0.10725536547669966
249,0.10725560657601663
250,0.10725536940034261
251,0.10725536901630968
252,0.10725231344320942
253,0.10725517003989284
254,0.10725536950258419
255,0.1072553695519211
256,0.10725538244341547
257,0.10725536932717276
258,0.10725536946415269
259,0.10725536933960693
260,0.10725536924905037
261,0.10725643078201207
262,0.10725539082567528
263,0.107255345467007
264,0.1072553308752058
265,0.10725537829466643
266,0.10725536956030864
267,0.10725069217096528
268,0.1072531151595427
269,0.10725509138752821
270,0.10725472799450117
271,0.10725561764672546
272,0.10725520638439326
273,0.10725546401843651
274,0.10725547972144607
275,0.10725940182575328
276,0.10725677473952847
277,0.10725563288692627
278,0.10725647869036124
279,0.10725545264215287
280,0.1072573587464846
281,0.107255369388032
282,0.10725536933915131
283,0.10725536954775905
284,0.1072553696480657
285,0.1072553096080394
286,0.10725528333771318
287,0.10725536942449859
288,0.1072553694870535
289,0.10725536919060745
290,0.10725536902845217
291,0.10725536970568715
292,0.10725537775997761
293,0.1072553674919382
294,0.10720284430978783
295,0.10725538391839233
296,0.10725548735896952
297,0.10725539329214402
298,0.10725538882517881
299,0.10725538598696824
300,0.10711006191065169
301,0.10725536057864817
302,0.1072552838053696
303,0.10725532158553339
304,0.10725536958200774
305,0.10725536849642484
306,0.10725536901455689
307,0.10725536914575325
308,0.10725536943286254
309,0.10725536834105373
310,0.10725536929825831
311,0.10725536947461192
312,0.10725536942335173
313,0.1072553693598404
314,0.10725536908683393
315,0.10725536846067547
316,0.107255369104261
317,0.10725536951318493
318,0.10725536904893386
319,0.10725536923994429
320,0.10725536953127164
321,0.1070776728687725
322,0.10725536539944804
323,0.10725537006890148
324,0.10725536950618506
325,0.10725536940104911
326,0.10725537051121822
327,0.10725536937313015
328,0.10725536908750073
329,0.10725536966464105
330,0.10725536972215624
331,0.10725536928343452
332,0.10725536936766121
333,0.10725370729609426
334,0.1072553693298447
335,0.1072553688699463
336,0.10725536958911626
337,0.10725530665228468
338,0.10725536874937953
339,0.10725536913743836
340,0.10725536961052119
341,0.10682028105673261
342,0.10725536930152564
343,0.10725536687279807
344,0.1072553689747451
345,0.10725536913343058
346,0.10725536919843576
347,0.10722924524248971
348,0.10725536948218113
349,0.1072553693136476
350,0.10725536941685053
351,0.10725536947321195
352,0.1072553690479305
353,0.10725536954097004
354,0.10725536997697675
355,0.10725534489274755
356,0.10725494884919753
357,0.10725534666581536
358,0.10725536250938969
359,0.10725541831257988
360,0.10725489605558426
361,0.1072571736385941
362,0.10725528805522687
363,0.1072553362179109
364,0.10725533579521962
365,0.10725536916575605
366,0.1072553693482754
367,0.10725535228053015
368,0.10725536794187501
369,0.1072553496410073
370,0.10725537484096764
371,0.10725536932003546
372,0.10725536891970562
373,0.10725529589434918
374,0.10725538732266221
375,0.1072553701036303
376,0.10725974105883011
377,0.1072600940259916
378,0.10725536960887966
379,0.1072553704171364
380,0.10725536935980126
381,0.10724982427703897
382,0.10725549149464195
383,0.10725547065741475
384,0.10725537052360601
385,0.10725682570603212
386,0.1072745439855027
387,0.10725631697251553
388,0.10722035556506737
389,0.10725538735610267
390,0.10725540441793485
391,0.1072553690004814
392,0.10725648370626521
393,0.1072556288407817
394,0.10725527890893509
395,0.10725536930550136
396,0.10725527461103371
397,0.1072553662059623
398,0.10725536828097532
399,0.1072553688944475
400,0.10725536903935284
401,0.1072553702001811
402,0.10725536928378043
403,0.10725536915016863
404,0.1072552206313804
405,0.10725535572066362
406,0.10725536901820847
407,0.10725536951075264
408,0.1072553180419819
409,0.10725536967882793
410,0.10725536921803343
411,0.10725536935651783
412,0.10725531954910345
413,0.10725536930584548
414,0.10725536887550013
415,0.10725536905953377
416,0.1072553688681982
417,0.10724455384704117
418,0.10725537055382828
419,0.10725518874532228
420,0.10725536939816929
421,0.10725536906164403
422,0.1072553161063697
423,0.10725533043460693
424,0.10725537005538009
425,0.10725350141517818
426,0.10725536941515797
427,0.10725540059098895
428,0.10725536932899252
429,0.10725536943432017
430,0.10725536926624721
431,0.10725536926304695
432,0.10729934378735287
433,0.10725538158262153
434,0.10725537256574266
435,0.1072553694556519
436,0.10725536552878596
437,0.1072553689926894
438,0.10725536929480226
439,0.10725539253758337
440,0.10725537000923853
441,0.10725673720534958
442,0.10725536918283447
443,0.10725536955581463
444,0.10725536955449633
445,0.10725536906263912
446,0.10725536914517661
447,0.10725536944006756
448,0.10725536980729773
449,0.10725536949078904
450,0.1072553697106968
451,0.10725536924780443
452,0.10725536966745193
453,0.10725536915051115
454,0.10725537230104487
455,0.10725536944040542
456,0.10725536942329139
457,0.10725537151752398
458,0.10725536894479692
459,0.10725536933445227
460,0.1072553692676659
461,0.10725536954373617
462,0.10725536880701428
463,0.10725536951773917
464,0.10725536921657759
465,0.10725535438852488
466,0.10725537003401225
467,0.10725536906867178
468,0.10725536943608473
469,0.10725536932275019
470,0.10725536921307922
471,0.1072553691072608
472,0.10725536939073624
473,0.10725536910063929
474,0.10725536946919917
475,0.10725536870950145
476,0.10726103035865177
477,0.10725766185784386
478,0.10725536901171769
479,0.1072553690449378
480,0.1072553691757727
481,0.10725536945522578
482,0.10725536916615408
483,0.10725536937431915
484,0.10726131200083579
485,0.1072553693078333
486,0.10725611638624721
487,0.10725536958093676
488,0.10725536925003759
489,0.10725536938236187
490,0.10725536920786942
491,0.10725536925787753
492,0.10725585156775488
493,0.10725536751977596
494,0.10725536913103698
495,0.10725538901423447
496,0.10725539260158584
497,0.10725527574168182
498,0.10725536911712041
499,0.1072553678736557
500,0.10725536904213831
501,0.1072553694858931
502,0.10725536928240832
503,0.10725536870953814
504,0.10726686545243634
505,0.10725544701644392
506,0.10725536873244351
507,0.10725536915201256
508,0.10728597973667024
509,0.10725536949581486
510,0.10725536558879284
511,0.10725524320532406
512,0.10725536886731693
513,0.10725536959866967
514,0.1072553689149432
515,0.10725536950409051
516,0.10725536875030367
517,0.10725536934350355
518,0.10725536947936895
519,0.1072553687671807
520,0.10725536962276123
521,0.1072553690316785
522,0.10725536956732559
523,0.10725536947775041
524,0.10725536931280738
525,0.10725536954591341
526,0.10725524529828233
527,0.10725536956221433
528,0.1072553694976127
529,0.10725536917413565
530,0.10725536917871942
531,0.1072550657783578
532,0.10724404679560505
533,0.10725536938943354
534,0.10726336729138491
535,0.10725123299909341
536,0.1072553688734609
537,0.10725536894689641
538,0.10725485881333498
539,0.1072554134946375
540,0.10725537074754041
541,0.10725536896246374
542,0.10725536860393298
543,0.10725536929312939
544,0.10725536940890029
545,0.10725536947657635
546,0.10725394535808744
547,0.10725506608995794
548,0.10725119393086704
549,0.1072548631125509
550,0.10725779080707004
551,0.10725669548091467
552,0.10725536462827792
553,0.10726489249620325
554,0.10725530051075259
555,0.1072555851805944
556,0.10725536945340523
557,0.10725529524827641
558,0.10725536973250209
559,0.10725528934325079
560,0.10725538947984158
561,0.10725859892921666
562,0.10725537020093766
563,0.10725536979826293
564,0.10725536952171673
565,0.10725536886527538
566,0.10725536954127454
567,0.10725536965472696
568,0.1072553757035577
569,0.10725535966627958
570,0.10725536932147553
571,0.10725497886783493
572,0.10725536924027916
573,0.10725536085239797
574,0.1072553691497817
575,0.10725536958537496
576,0.10725536947909321
577,0.10725536945441175
578,0.10725537651347516
579,0.10725536938876616
580,0.10725536906288557
581,0.1072553689924133
582,0.10725536912767908
583,0.10725536905427288
584,0.10725536943333591
585,0.10725536900590286
586,0.10725536902971779
587,0.10725556258187208
588,0.10725536950872666
589,0.10725536938892893
590,0.10725536803745056
591,0.1072553695008609
592,0.10725536912868704
593,0.1072553690178386
594,0.10725536963736011
595,0.10725536946437796
596,0.10725533439495749
597,0.10725536712718246
598,0.10725536883533905
599,0.10725536875639283
600,0.10725536849475588
601,0.10725536957302437
602,0.10725536923220452
603,0.10725547620935261
604,0.10725536933153168
605,0.10725536934813358
606,0.10725536899623356
607,0.10725536896809057
608,0.10725536936081566
609,0.10725536933116057
610,0.10725537216650541
611,0.10725554384379758
612,0.1072553690995112
613,0.10725536917178113
614,0.10725536940649036
615,0.10725536955167961
616,0.10725536929656745
617,0.10725536930840288
618,0.10725536978713254
619,0.10725536917219217
620,0.10725536933260368
621,0.10725536943407808
622,0.10725538169449607
623,0.10725596362083648
624,0.10725545241372655
625,0.10725547225024426
626,0.1072553691424177
627,0.10725537108241555
628,0.1072553678448692
629,0.1072553687623504
630,0.10725544117116889
631,0.10725556160821201
632,0.10725536921550963
633,0.10725366228383329
634,0.10725516989648763
635,0.10725535080897881
636,0.10725536075051338
637,0.10725536942355024
638,0.10725536941485223
639,0.10725482717430469
640,0.10725756525520433
641,0.10725536894135304
642,0.10725536914738623
643,0.10725536935021188
644,0.10725536959178782
645,0.10725537080576188
646,0.10725537045160081
647,0.10725536888681315
648,0.1072553691719842
649,0.10725537305416939
650,0.10725536937775304
651,0.10725536936330159
652,0.10725536934264075
653,0.10725536897882568
654,0.10725536925540703
655,0.10725536896459616
656,0.10725536923323369
657,0.10725536919183065
658,0.10725536923743582
659,0.10725536947005655
660,0.10725536908426284
661,0.10725536938164776
662,0.10725536960301148
663,0.10725536922749399
664,0.10725536942820738
665,0.1072553695984063
666,0.10725536929959456
667,0.10725536917075539
668,0.10725536959408992
669,0.10725536983797909
670,0.10728609198273356
671,0.10725581232199888
672,0.1072553689635518
673,0.10725536874539902
674,0.10725536949864968
675,0.10725536218748168
676,0.10724847793644571
677,0.10725536951873968
678,0.10725536938648025
679,0.10725575493102502
680,0.10725536954266984
681,0.1072553693053297
682,0.10725536931820749
683,0.10725536823979166
684,0.10725536940335603
685,0.10725536948716285
686,0.10725536930931515
687,0.10725536870530628
688,0.10725536938052227
689,0.10725536921195558
690,0.10725537032313381
691,0.10725536539578308
692,0.10725536933186242
693,0.10725536926991337
694,0.10725536914540983
695,0.10725536943238612
696,0.10725536927456623
697,0.1072553691916035
698,0.10725536944513413
699,0.10725536914407502
700,0.10725536933233128
701,0.10725536934828064
702,0.10725536905166272
703,0.10725536946188342
704,0.10725536949341488
705,0.10725536927764223
706,0.10725536892881209
707,0.107255369217457
708,0.10725536920733195
709,0.10725536916815726
710,0.10725536934639783
711,0.1072553693014062
712,0.10725536947055933
713,0.10723280334683477
714,0.10725536887778643
715,0.10725536943554355
716,0.10725536906892327
717,0.10725536925330048
718,0.10725536929839947
719,0.10725536923126798
720,0.1072553691397295
721,0.10725536948189418
722,0.10725536941726366
723,0.10725519799047528
724,0.1072585693345493
725,0.10726213125139672
726,0.1072553694937933
727,0.1072553691894263
728,0.10725536911890604
729,0.10725536906901958
730,0.10725536944328272
731,0.10725536929046178
732,0.10725536960445817
733,0.10725536939043077
734,0.10725536918774856
735,0.10725536935667354
736,0.10725536946056358
737,0.10725394338741145
738,0.10725019840918838
739,0.10725537144038093
740,0.10725524119464576
741,0.1072553694938563
742,0.10725536874720355
743,0.10725536945240796
744,0.10725537232573032
745,0.10725536370962324
746,0.1072553692744067
747,0.10725536805993706
748,0.107255369521395
749,0.1072553665368714
750,0.10725536955533556
751,0.10725534290803834
752,0.10725536012295858
753,0.1072553695207631
754,0.10725536940590068
755,0.10725536906249733
756,0.10725536936001129
757,0.10725536898457072
758,0.10725536919424875
759,0.10725536957112204
760,0.10725538371696325
761,0.10725536900742391
762,0.10725536953788788
763,0.10725525928056745
764,0.10725536944760705
765,0.10725536862078788
766,0.10725536951365527
767,0.10725536908623932
768,0.10725536928563126
769,0.10725536924603994
770,0.10725536926634881
771,0.10725536906994167
772,0.10725534503144764
773,0.10725536912529512
774,0.10725536885686032
775,0.10725501307660991
776,0.10725177394527818
777,0.10725536928578458
778,0.10725539302827877
779,0.10725536904826123
780,0.10725534159180838
781,0.10725547040919085
782,0.10725536860494533
783,0.10725865113334385
784,0.1072555594396857
785,0.10725480135786562
786,0.1072553601867148
787,0.10725538987210059
788,0.10725324390888226
789,0.10725509810606779
790,0.10725039528565278
791,0.10725216227578897
792,0.10725536991663054
793,0.10725537002377544
794,0.10725536864517196
795,0.10725536958048804
796,0.10725538481129582
797,0.10725565816655126
798,0.10725536961249274
799,0.10725536980473431
800,0.10725536895001736
801,0.10725536941283666
802,0.10725536945277771
803,0.10725536958582725
804,0.10725536888439602
805,0.10725536492918543
806,0.10725537025678303
807,0.10725536948631732
808,0.10725536956731668
809,0.10726215448824815
810,0.1072552576924922
811,0.10725536923983743
812,0.1072553692249451
813,0.10725540705344268
814,0.10725536042364046
815,0.10725536922911805
816,0.1072553718124536
817,0.1072553690833568
818,0.1072553689763521
819,0.10725536913480266
820,0.1072553691928916
821,0.1072553071028324
822,0.10725536957324394
823,0.10725536937368246
824,0.10725536951010209
825,0.10725536935555172
826,0.10725522827484638
827,0.10725536855461304
828,0.10725547997950745
829,0.10725544661308042
830,0.10725536922398472
831,0.1072552923974662
832,0.10725562259354723
833,0.10725536562209526
834,0.10725537610376056
835,0.10725546221393617
836,0.10725536634501444
837,0.10725599343105503
838,0.10726164046178661
839,0.10725494171584582
840,0.10725648450108574
841,0.10725520874224177
842,0.1072553054294469
843,0.10725589037896477
844,0.10725536460499337
845,0.10725536902291175
846,0.10725536928099129
847,0.1072553679018276
848,0.10725583139085443
849,0.10725537012871299
850,0.10725536894998829
851,0.10725542919041227
852,0.10725536961520518
853,0.10725536473959218
854,0.10725536648607728
855,0.10725536943382034
856,0.10725537091815558
857,0.10725536992861158
858,0.10725536935407863
859,0.10725536943359865
860,0.10725538577318713
861,0.10725536955173089
862,0.10725536896549409
863,0.10725536893499733
864,0.10725536927250359
865,0.10725536926952736
866,0.1072553687044592
867,0.10725536954963803
868,0.10725536923575486
869,0.10725536956030864
870,0.1072530137943083
871,0.10725536956030864
872,0.10725537631406437
873,0.10725539002953409
874,0.10722878595575044
875,0.1072551547494715
876,0.10725533910300135
877,0.10725537636231207
878,0.10725536921338567
879,0.1072553541917934
880,0.10725536043896844
881,0.10725550369500818
882,0.10725537410589368
883,0.10724446261202315
884,0.1072554234497845
885,0.10725536914298167
886,0.1072546253578632
887,0.10725537229739134
888,0.10725537442710183
889,0.10725537192120234
890,0.1072555045158825
891,0.10725687090326383
892,0.10725542009729509
893,0.1072553605034029
894,0.10725536832815478
895,0.10725537765469964
896,0.10725539521546765
897,0.10725544775661339
898,0.10725543000241622
899,0.10725542124477042
900,0.10725533941232929
901,0.10725378125628467
902,0.10725534563874262
903,0.10725536953429979
904,0.10725536906023474
905,0.10725536914897801
906,0.10725536900666856
907,0.10725536960982604
908,0.1072553694134863
909,0.10725536905688257
910,0.10725536926367443
911,0.1072553693870239
912,0.10725536937843506
913,0.10725536947528735
914,0.107255369546424
915,0.10725536949075157
916,0.10725536930490702
917,0.10725536955648435
918,0.10725537267029646
919,0.10725536955797399
920,0.1072553685974892
921,0.10725536916640571
922,0.10725537333856902
923,0.10725537354543153
924,0.10725536885865761
925,0.10725537708912918
926,0.10725536950368765
927,0.10725536979922816
928,0.10725536961480014
929,0.10725536892569792
930,0.10725539972229708
931,0.10725536833219686
932,0.10725536949566486
933,0.10725534041440336
934,0.10725534197291009
935,0.1072553667290514
936,0.1072551760894462
937,0.10725526011174857
938,0.10725493067613395
939,0.10725536702001258
940,0.10725536571918559
941,0.10725538246497286
942,0.10725529523230949
943,0.1072553692755395
944,0.10725536850596552
945,0.10725536517322028
946,0.10725527865368568
947,0.10725557998094272
948,0.1072553695766612
949,0.10725536939884417
950,0.10725537466415302
951,0.10725532180972223
952,0.10725538750028739
953,0.10725537318120122
954,0.10725536942675169
955,0.10725536548055502
956,0.10725540066101738
957,0.10725536778532635
958,0.10725536917071729
959,0.10725536931170024
960,0.1072553935726413
961,0.10725536937266368
962,0.10725456325763884
963,0.10725537276279913
964,0.10725691977579432
965,0.10725536182779437
966,0.10725172137674956
967,0.10725554164630036
968,0.10725539179002316
969,0.10725541745437057
970,0.10726389449832475
971,0.10725468647503504
972,0.10725536952225463
973,0.10725499015276824
974,0.10725537898782776
975,0.10724019664244777
976,0.10723124138420784
977,0.10725536920394768
978,0.10725536985134533
979,0.10725536904405414
980,0.10725536911229076
981,0.1072553692865303
982,0.10725540580435793
983,0.10725536910796583
984,0.1072555380007438
985,0.10725577669270356
986,0.10725536912931694
987,0.10725536960107959
988,0.10725536953066502
989,0.10725536881748829
990,0.10725536917843262
991,0.10725536914434636
992,0.10725536937910685
993,0.10725537561647928
994,0.10725536946618183
995,0.10725537616436737
996,0.10725537063733255
997,0.10725536967090682
998,0.10725544302309585
999,0.10725537185776904
1000,0.10725536973408566
1001,0.1072553694067129
1002,0.10723099946978211
1003,0.10725536952113639
1004,0.10725538561183491
1005,0.10725536904592933
1006,0.10725536894602178
1007,0.1072553691599675
1008,0.10725536935373604
1009,0.10725536952114657
1010,0.10725536961887752
1011,0.1072553689080365
1012,0.10725536916139827
1013,0.1072553694789291
1014,0.10725536906811116
1015,0.10725536942088475
1016,0.10725536927357204
1017,0.10725536919947794
1018,0.10725536963746833
1019,0.10725536937726655
1020,0.10725536893858141
1021,0.10725536949478168
1022,0.10725536917987485
1023,0.10725536946952699
1024,0.10725536913570505
1025,0.10725536925719618
1026,0.10725536936481649
1027,0.10725536942212247
1028,0.1072553694035679
1029,0.10725536938020755
1030,0.10725536964643335
1031,0.10725536939858574
1032,0.10725536951331427
1033,0.107255369444349
1034,0.10725536864337773
1035,0.10725536927622241
1036,0.10725536944522407
1037,0.10725536925890841
1038,0.107255369562518
1039,0.10725536950083316
1040,0.10725536948708977
1041,0.10725536907514695
1042,0.10725536931991286
1043,0.10725536944870144
1044,0.10725536942496221
1045,0.10725536950758353
1046,0.10725536908008765
1047,0.10725536949597403
1048,0.10725536894180826
1049,0.10725536889761643
1050,0.10725536936817763
1051,0.10725536914946077
1052,0.10725536902101528
1053,0.10725536857707679
1054,0.1072553692510199
1055,0.10725527487973223
1056,0.10725524207859295
1057,0.10725536895326629
1058,0.10725536908961777
1059,0.10725536863218614
1060,0.1072553690570258
1061,0.10725533332610646
1062,0.10725536940922299
1063,0.10725536951358186
1064,0.10725536955723883
1065,0.10725536919073046
1066,0.10725416867892315
1067,0.10725553907409638
1068,0.10725537247948269
1069,0.10725549925015364
1070,0.10725593224936757
1071,0.10725537515250953
1072,0.10725536953468444
1073,0.10725536946336188
1074,0.10725536956765827
1075,0.10725539575827826
1076,0.10725542630645248
1077,0.10725540177472441
1078,0.10725541553554972
1079,0.10725536890181933
1080,0.10725536901379312
1081,0.107255370390437
1082,0.10725537037385426
1083,0.1072553769390041
1084,0.10725536956497148
1085,0.10725536851118234
1086,0.10725542993449749
1087,0.1072553694514661
1088,0.10725537019501472
1089,0.10725536903410296
1090,0.10725540105662223
1091,0.10725536966572047
1092,0.10725538195762854
1093,0.10725537001674777
1094,0.10725536907824815
1095,0.10725600860518263
1096,0.10725536948629436
1097,0.10725536923187637
1098,0.10725536898137888
1099,0.10725536903247367
1100,0.10725536928242975
1101,0.10725536955098108
1102,0.10725536951148139
1103,0.10725536940816326
1104,0.10725536894974359
1105,0.10725536941079243
1106,0.10725536900174762
1107,0.10725536940792912
1108,0.10725536964887154
1109,0.1072553694603602
1110,0.1072553692382209
1111,0.10725536935092857
1112,0.10725536954115372
1113,0.10725536950482512
1114,0.10725536902027316
1115,0.10725536952470782
1116,0.10725536909452299
1117,0.10725536937113168
1118,0.10725536906306518
1119,0.10725536946140314
1120,0.10725536958247787
1121,0.10725536897778422
1122,0.1072553692429981
1123,0.10725536893732956
1124,0.10725536957350194
1125,0.10725536963067346
1126,0.10725536909072367
1127,0.10725536867943344
1128,0.10725536930855217
1129,0.1072553693674878
1130,0.10725536856160535
1131,0.10725536928085627
1132,0.10725536913559755
1133,0.10725536899175857
1134,0.10725536903986342
1135,0.10725536934127068
1136,0.10725536905975196
1137,0.10725536925910659
1138,0.10725536950207436
1139,0.10725536896990902
1140,0.10725536889612151
1141,0.1072553694163116
1142,0.1072553692089681
1143,0.10725536854682159
1144,0.10725536876554252
1145,0.10725536938441388
1146,0.10725536896109425
1147,0.10725536960918924
1148,0.10725536884747368
1149,0.1072553693634716
1150,0.10725536903359717
1151,0.10725536920549096
1152,0.10725536930675912
1153,0.10725536901387449
1154,0.10725536955472717
1155,0.10725536956030864
1156,0.10725536977481288
1157,0.10725536920708084
1158,0.10725536928989705
1159,0.1072553695593653
1160,0.10725536955560758
1161,0.10725536933333284
1162,0.10725536934933527
1163,0.10725536948740913
1164,0.10725536903787967
1165,0.10725536938708714
1166,0.1072553694079437
1167,0.10723910006872583
1168,0.10725537405967697
1169,0.10725537987676997
1170,0.10725536950583137
1171,0.10725537032389833
1172,0.1072553690834836
1173,0.1072553250645763
1174,0.10725537546975619
1175,0.10725537475157368
1176,0.10725536946752165
1177,0.10725536906317835
1178,0.10725536918485361
1179,0.10725536946129138
1180,0.10725536956964435
1181,0.10725536922843504
1182,0.10725525984583414
1183,0.10725536922849355
1184,0.10725536945127008
1185,0.1072553692508421
1186,0.10725536943001157
1187,0.10725536931719046
1188,0.10725536940605361
1189,0.10725536958220215
1190,0.10725536948012164
1191,0.10725536888772051
1192,0.10725536944121628
1193,0.10725536925996684
1194,0.10725536925613985
1195,0.10725598995438886
1196,0.10725535884353733
1197,0.10725536819312427
1198,0.10725536906360209
1199,0.10725536931262317
1200,0.1072593795068025
1201,0.10725570820609283
1202,0.10725536946587728
1203,0.10725536642039535
1204,0.10725536844862749
1205,0.10725536931875632
1206,0.10725812936554233
1207,0.10727641897584124
1208,0.10725536842851484
1209,0.10725537161163563
1210,0.10725538669944769
1211,0.10725536923913276
1212,0.10725541528353856
1213,0.10725537558760134
1214,0.10725541881645
1215,0.10725537113798446
1216,0.10725536955260054
1217,0.10725535538961789
1218,0.10725536909886786
1219,0.10725536919452328
1220,0.10725535709012349
1221,0.10725538801347458
1222,0.10725439904497465
1223,0.10725531708527643
1224,0.10725529134580825
1225,0.10725536960598633
1226,0.1072553689121361
1227,0.1072553694658724
1228,0.10725536936507868
1229,0.10725536900314704
1230,0.10725540789486718
1231,0.10725536891653693
1232,0.10725536959253569
1233,0.10725536907188367
1234,0.10725536944564623
1235,0.10725536929526976
1236,0.10725536955463097
1237,0.10725536954854017
1238,0.10725536920835937
1239,0.10725536954489656
1240,0.10725536909768232
1241,0.10725536873384629
1242,0.1072553692050224
1243,0.10725536921701276
1244,0.10725536962144226
1245,0.10725536908693355
1246,0.10725536941591524
1247,0.10725536937286728
1248,0.10725536939120871
1249,0.10725536871720244
1250,0.10725536943504761
1251,0.10725536946951766
1252,0.10725536952020195
1253,0.10725536947165364
1254,0.10725536943730994
1255,0.1072553691206829
1256,0.1072553691144081
1257,0.10725536943013535
1258,0.10725536951812753
1259,0.10725536902587417
1260,0.10725536905122168
1261,0.10725536910152028
1262,0.10725536885036832
1263,0.10725536931705923
1264,0.10725536918596579
1265,0.10725536906434635
1266,0.10725536915304965
1267,0.10725536907041018
