reaction_index,Temp 1467.18 x: 4.0
0,0.9615060651180009
1,0.9658328913189136
2,0.9657983299487124
3,0.9655844698863303
4,0.9658433406343473
5,0.9658373749038771
6,0.9658373896267365
7,0.9658373746186862
8,0.9658373773056133
9,0.9658373731904994
10,0.9658373746186862
11,0.9658373770906576
12,0.9658373267319712
13,0.9658373404302673
14,0.9658412941928509
15,0.9658523601933937
16,0.965832928765044
17,0.9658430433553946
18,0.9658423853991636
19,0.9658372871464965
20,0.9658373744033159
21,0.9658349910924864
22,0.965837900013202
23,0.9658366768005735
24,0.9658374591463998
25,0.9658373921299463
26,0.9658374542978524
27,0.9658324072633394
28,0.9658357638912043
29,0.9658372445666225
30,0.9658373638256257
31,0.9658373788832938
32,0.9658366126458792
33,0.9658448533096342
34,0.9658377516817315
35,0.9658461325762623
36,0.9658373786791845
37,0.9655956156616081
38,0.9658409582251886
39,0.9658373756917643
40,0.9658373747709337
41,0.9656666430200622
42,0.9658506727729103
43,0.9658378029834855
44,0.9658375219743419
45,0.9658371928750572
46,0.9658374167979709
47,0.9658244019778635
48,0.9658373840631818
49,0.9658843269417411
50,0.9658378843299225
51,0.9658366580652539
52,0.9658374205496076
53,0.9658373746421133
54,0.9659689162891189
55,0.9658854929346892
56,0.9658460795597262
57,0.9658491055944884
58,0.9658396539974516
59,0.965832761185678
60,0.9661685582156505
61,0.9659098213892178
62,0.9658368797226141
63,0.965833895325695
64,0.9657636055580106
65,0.9658338230417836
66,0.9658380613654731
67,0.9658208166028084
68,0.9658652458063214
69,0.9658371774404818
70,0.9658376431382795
71,0.9658375643334173
72,0.9658378169705278
73,0.9658374173288634
74,0.9658373867880806
75,0.9658432480204148
76,0.9658392106713974
77,0.9658374090984693
78,0.9658374842847184
79,0.9658373826069786
80,0.9658373300917866
81,0.9658373767805767
82,0.965837377460017
83,0.9658373745847966
84,0.9659286716318901
85,0.965837774024608
86,0.9658283696707971
87,0.9658373797311659
88,0.9658374060893808
89,0.9658373755348372
90,0.9658374323398846
91,0.9658373776150718
92,0.9658373731209777
93,0.9658348902536247
94,0.9658371874134293
95,0.965837856881764
96,0.9658372187387372
97,0.9658373901345109
98,0.9658373811593625
99,0.9658373860689187
100,0.9658528431745512
101,0.965826787798323
102,0.9658370177535334
103,0.9658373196164209
104,0.9658360081037144
105,0.9658374268220556
106,0.9658384828101915
107,0.9658408657157725
108,0.9658373358204839
109,0.9658373760334841
110,0.9658375187407946
111,0.9658373472054311
112,0.9658373725141324
113,0.9658373675197366
114,0.9658373774303547
115,0.9658373804249306
116,0.9658374102938357
117,0.9658373716778468
118,0.9658373813929377
119,0.965837346044152
120,0.9658373793182422
121,0.9658373739860282
122,0.9658373759576384
123,0.9658328885886471
124,0.9657983318185606
125,0.9658220033278444
126,0.9658406140893888
127,0.96584098663576
128,0.9658343008292826
129,0.9658502580381106
130,0.9657568720673319
131,0.9657368064019368
132,0.9657243699637796
133,0.9658389693476266
134,0.9658372398865005
135,0.9658373738261039
136,0.9658372689537648
137,0.9658572823436676
138,0.9658373759651233
139,0.9658373802038677
140,0.965837374436336
141,0.9658346699114259
142,0.9658044745669011
143,0.9658370335613929
144,0.9658373333585529
145,0.9658373571819933
146,0.96583737604775
147,0.9658372890579923
148,0.9658373743497219
149,0.9658408671279655
150,0.9658413998090714
151,0.9658280973227629
152,0.9658128319693378
153,0.96585606332432
154,0.9658380082818899
155,0.9658373985980906
156,0.9658373749996415
157,0.9657352239375812
158,0.9658380606706313
159,0.9658347180960646
160,0.9658373930114142
161,0.9658374548666879
162,0.9657359572775737
163,0.9658374333835834
164,0.9658375576285
165,0.9658374733960479
166,0.9658356973840511
167,0.965837543404901
168,0.9658373798347434
169,0.9658332924757284
170,0.96535544545423
171,0.9658374213865228
172,0.9658352423728989
173,0.965829668374523
174,0.965837413991751
175,0.9658377874286522
176,0.965834029399811
177,0.9658373749334745
178,0.9658372670088172
179,0.9658373748415147
180,0.9658373761266659
181,0.9658372500304828
182,0.9658374212379479
183,0.965837386739566
184,0.9658373479034521
185,0.9658373766222229
186,0.965837376103488
187,0.9658373755032622
188,0.965837376807886
189,0.9658373765625755
190,0.9658373749798864
191,0.9658373757213875
192,0.965837370428873
193,0.965837440978853
194,0.9658373744288583
195,0.9658373658216123
196,0.9658373719193597
197,0.9658373789302434
198,0.9658373772538974
199,0.9658341313608648
200,0.9658373763381412
201,0.9659965514601122
202,0.9658349259507675
203,0.9658364030512765
204,0.9660246924781105
205,0.9658373767175096
206,0.9658165695272592
207,0.9658373742208696
208,0.9658373756032279
209,0.9658408314425483
210,0.9658373932818064
211,0.966564494482864
212,0.9658860197081898
213,0.9654935967074053
214,0.9658330058659518
215,0.9658568730688947
216,0.9657538180541206
217,0.9658151947799176
218,0.9657844912088522
219,0.9658167356426224
220,0.9658373611161247
221,0.965837587889357
222,0.9659961551106782
223,0.9658698238664195
224,0.965878641592781
225,0.9658373738371785
226,0.9658363677426749
227,0.9658373326096926
228,0.966182355697578
229,0.9658834118081282
230,0.9658853674620287
231,0.9658371746859763
232,0.9658486468073799
233,0.965837377398182
234,0.9658372941847451
235,0.9658373755044032
236,0.9658373751605143
237,0.9658373749845305
238,0.9658373768356368
239,0.9658373751319986
240,0.9658373744424624
241,0.9658373770156987
242,0.9659030109677773
243,0.9658352843509445
244,0.9658373096519521
245,0.9661425380362813
246,0.9658855299643816
247,0.9658808699760929
248,0.9658371196782466
249,0.9658442447896299
250,0.9658373788663953
251,0.9658373747563435
252,0.9656975343414662
253,0.9658293947717518
254,0.9658373758327301
255,0.9658373771274906
256,0.9658374189405986
257,0.9658373762063716
258,0.9658373753725078
259,0.9658373785294779
260,0.9658373759323041
261,0.9658874385809029
262,0.9658131847621245
263,0.9658373724610002
264,0.9658373731282552
265,0.9658374531770973
266,0.9658373746186862
267,0.9658098412777394
268,0.965821828092998
269,0.9658352405921099
270,0.9658187397891126
271,0.9658368190268709
272,0.9658348718247963
273,0.9658466422730858
274,0.9658431382298807
275,0.9657882976287646
276,0.9658244292565085
277,0.9658853757375243
278,0.9659062383508371
279,0.9658387848289786
280,0.9658782568336122
281,0.9658373779066061
282,0.965837377118188
283,0.9658373766192934
284,0.9658373746500085
285,0.9658369071291482
286,0.9658359811217001
287,0.965837376630903
288,0.9658373697553133
289,0.9658373749205947
290,0.9658373772973314
291,0.9658373750299919
292,0.9658373825817674
293,0.9658373697689513
294,0.963118955456446
295,0.9658374090845794
296,0.9658377025968452
297,0.9658375619848512
298,0.9658375765087474
299,0.9658374885064612
300,0.9633648709729437
301,0.9658370227013494
302,0.9658368138486877
303,0.9658372548200574
304,0.9658373739328967
305,0.9658373758740976
306,0.9658373482780407
307,0.965837316229738
308,0.9658373750102092
309,0.965837365400504
310,0.9658373656578145
311,0.9658373738204912
312,0.9658373763254919
313,0.9658373754859746
314,0.9658373746132305
315,0.9658373750871375
316,0.9658373747826712
317,0.9658373774943666
318,0.965837376372071
319,0.9658373760296225
320,0.965837375840587
321,0.9645429147874048
322,0.9658373275787587
323,0.9658373771189354
324,0.9658373745172578
325,0.965837376671723
326,0.9658373762955333
327,0.9658373763540021
328,0.9658373764245921
329,0.9658373759362341
330,0.9658373726636035
331,0.9658373778166358
332,0.9658373754675554
333,0.965808214971074
334,0.965837376775586
335,0.9658373763214609
336,0.9658373757852868
337,0.9658371542683435
338,0.965837375319939
339,0.9658373741196009
340,0.9658373772820413
341,0.9634827678177582
342,0.9658373767501799
343,0.9658373756399214
344,0.9658373760464789
345,0.9658373762527761
346,0.9658373745227335
347,0.9657741137214911
348,0.9658373763343394
349,0.9658373790955608
350,0.9658373757048048
351,0.9658373751214094
352,0.9658373752548841
353,0.9658373762947158
354,0.9658373975825587
355,0.9658371578534877
356,0.9658246200359796
357,0.9658359629655534
358,0.9658372439006723
359,0.9658376315718281
360,0.9658351430632534
361,0.965849878197105
362,0.9658357386501194
363,0.9658363947551921
364,0.9658371208108973
365,0.9658373753728944
366,0.9658373775005198
367,0.9658370955140643
368,0.965837340650661
369,0.9658370127035674
370,0.9658374004646555
371,0.9658373762210283
372,0.9658373783256925
373,0.9658373537494929
374,0.9658374937172883
375,0.9658373800874731
376,0.9658607687519102
377,0.9658486476889817
378,0.9658373762008705
379,0.9658373769721108
380,0.965837373465573
381,0.9658230519225035
382,0.9658394132630442
383,0.9658387009397408
384,0.965837384093119
385,0.9658396463387979
386,0.9666108199242053
387,0.9658371653611163
388,0.9657999407127368
389,0.9658374319734337
390,0.9658375038948934
391,0.9658373631649357
392,0.9658608411286237
393,0.9658414279232224
394,0.9658366098010905
395,0.9658373792302091
396,0.9658369817126086
397,0.9658373192849024
398,0.9658373028385778
399,0.9658373772078052
400,0.9658373784555117
401,0.9658373904695906
402,0.9658373776825455
403,0.9658373773030513
404,0.965838570061585
405,0.9658659691466923
406,0.9658373754763893
407,0.9658373774684843
408,0.9658369228689943
409,0.9658373796681075
410,0.9658373779319167
411,0.965837375245677
412,0.9658676850730255
413,0.9658373785081033
414,0.9658373757935129
415,0.9658373777739316
416,0.9658373679816571
417,0.9657859644726614
418,0.9658373802620253
419,0.9658369707243185
420,0.9658373723953406
421,0.9658373749005766
422,0.9658369876033288
423,0.965836448202182
424,0.9658373780512731
425,0.9658335474452121
426,0.9658373774511685
427,0.9658377210420551
428,0.9658373760214163
429,0.9658373753848883
430,0.9658373781817404
431,0.9658373839685472
432,0.966565354050557
433,0.9658373996374774
434,0.9658373842409097
435,0.9658373759664177
436,0.9658373733376174
437,0.9658373740593327
438,0.9658373762288789
439,0.9658373912049263
440,0.9658373831937623
441,0.9658484156143904
442,0.9658373760474006
443,0.9658373774917706
444,0.9658373761351934
445,0.9658373743381227
446,0.9658373755596893
447,0.9658373787786495
448,0.9658373774941149
449,0.9658373770918149
450,0.9658373759911161
451,0.9658373758600188
452,0.965837374840218
453,0.9658373776629736
454,0.9658373855590388
455,0.9658373748308112
456,0.965837375443503
457,0.9658373853818505
458,0.9658373778743224
459,0.9658373773095523
460,0.9658373750259833
461,0.9658373745021837
462,0.965837376758625
463,0.9658373779746822
464,0.9658373748666711
465,0.9658373514876948
466,0.9658373866928218
467,0.9658373775650374
468,0.9658373750274988
469,0.9658373738957768
470,0.9658373764591727
471,0.965837375729929
472,0.9658373782366269
473,0.9658373683897522
474,0.9658373759954899
475,0.9658373748313807
476,0.965995702136479
477,0.9658907100566725
478,0.9658373769283342
479,0.9658373832852201
480,0.9658373765370776
481,0.9658373686538553
482,0.9658373751282057
483,0.9658373755850332
484,0.9659346185239631
485,0.9658373788175677
486,0.9658659194917231
487,0.9658373744071679
488,0.9658373756043457
489,0.965837369784137
490,0.9658374075072335
491,0.9658373751141967
492,0.9658445817770437
493,0.9658372830725148
494,0.9658372422637077
495,0.9658375864219932
496,0.9658375468583565
497,0.9658368955667737
498,0.9658373763188097
499,0.9658373759773909
500,0.9658373762811836
501,0.9658373758985804
502,0.9658373743742362
503,0.9658373764854818
504,0.965900832335937
505,0.9658379201011063
506,0.9658373774465858
507,0.965837375112854
508,0.9660006195752109
509,0.9658373769580005
510,0.9658374032067051
511,0.9657943436896774
512,0.9658373778054279
513,0.9658373750789786
514,0.9658373744122993
515,0.9658373759923767
516,0.9658373783148474
517,0.9658373750811324
518,0.9658373763118913
519,0.9658373750055657
520,0.9658373763308006
521,0.9658373765480719
522,0.9658373778717438
523,0.9658373752364182
524,0.9658373755055725
525,0.965837376944253
526,0.9658361776060603
527,0.9658373748380531
528,0.9658373758005814
529,0.9658373742224408
530,0.9658373739890419
531,0.9658156864687518
532,0.9652902114873341
533,0.9658373789634375
534,0.9662059865703644
535,0.9658561406158812
536,0.9658373729481567
537,0.9658373712491978
538,0.9658343882146236
539,0.9658392085026465
540,0.9658374483180608
541,0.9658374001827951
542,0.9658373765523521
543,0.9658373751547088
544,0.9658373806683708
545,0.9658374058467482
546,0.9658155129673078
547,0.9658335715667671
548,0.9658378101091261
549,0.965837528002312
550,0.9658641160529357
551,0.9658706036527727
552,0.9658371611982246
553,0.9659257263940594
554,0.9658362298625389
555,0.9658410420144192
556,0.9658373770572091
557,0.9658354926350625
558,0.9658373777642194
559,0.9658350337631396
560,0.9658380255985719
561,0.9658993739367447
562,0.96583740347381
563,0.9658374106439203
564,0.9658373746373642
565,0.9658373749263476
566,0.9658373746860688
567,0.9658373807360199
568,0.965837517678589
569,0.9658368721885862
570,0.9658373766424715
571,0.9658372431629516
572,0.9658373752744464
573,0.9658372355290662
574,0.9658373758161899
575,0.965837377580988
576,0.9658373748811211
577,0.9658373775292974
578,0.9658373986776444
579,0.9658373772438301
580,0.9658373769577471
581,0.9658373768511604
582,0.9658373762812973
583,0.9658373745736311
584,0.9658373769561283
585,0.9658373765400867
586,0.9658373781583415
587,0.9658385271829887
588,0.9658373769181035
589,0.9658373777824123
590,0.9658373749102585
591,0.9658373747901032
592,0.9658373756304303
593,0.9658373772117781
594,0.9658373767297246
595,0.9658373752891202
596,0.9658370873246465
597,0.9658374008152721
598,0.9658373598719875
599,0.9658373740116283
600,0.9658373531364325
601,0.9658373754685712
602,0.9658373753526958
603,0.9658372839767397
604,0.9658373660780254
605,0.9658373749359993
606,0.9658373757280977
607,0.9658373754722761
608,0.9658373767990663
609,0.9658373752054806
610,0.9658373767984112
611,0.96583917905766
612,0.9658373770398929
613,0.965837378347663
614,0.9658373775552611
615,0.9658373769237775
616,0.965837374668369
617,0.96583737482768
618,0.9658373773832766
619,0.9658373772822753
620,0.9658373752919595
621,0.9658373750183532
622,0.96583742190628
623,0.9658402774746699
624,0.9658387529065117
625,0.9658391912828863
626,0.9658373818346094
627,0.9658374026307934
628,0.9658373350813128
629,0.9658373459890809
630,0.965837305627663
631,0.9658386880758315
632,0.9658373740598801
633,0.9658025198478332
634,0.9658340261109714
635,0.9658361340687576
636,0.9658369053185486
637,0.9658373785968938
638,0.9658373756976812
639,0.9658385768306011
640,0.965873490261647
641,0.9658373664964557
642,0.9658373759518661
643,0.9658373753946836
644,0.9658373764982456
645,0.9658373819183097
646,0.9658373823756097
647,0.9658373743514417
648,0.9658373766918251
649,0.9658373878135218
650,0.9658373784671327
651,0.9658373752557597
652,0.9658373754585556
653,0.9658373777441795
654,0.965837376530366
655,0.9658373745574823
656,0.9658373755915922
657,0.9658373788063065
658,0.9658373748758113
659,0.965837377433908
660,0.9658373769581117
661,0.9658373731114344
662,0.9658373765563468
663,0.9658373761632745
664,0.9658373778278815
665,0.9658373756367759
666,0.9658373771543445
667,0.9658373755931349
668,0.9658373763234633
669,0.9658373832898719
670,0.9660512364988523
671,0.9658266672223053
672,0.9658373744855786
673,0.9658373689215194
674,0.9658373759478206
675,0.965837461170643
676,0.9658530288524253
677,0.9658373770627351
678,0.965837374550686
679,0.9658403292538996
680,0.965837376561814
681,0.9658373741194752
682,0.9658373762764795
683,0.9658373671774164
684,0.9658373761097123
685,0.9658373756357443
686,0.9658373761991174
687,0.9658373734778049
688,0.9658373760004858
689,0.965837376214264
690,0.9658373844914772
691,0.9658373522698221
692,0.9658373761088628
693,0.9658373763075273
694,0.9658373748379868
695,0.9658373782267698
696,0.9658373777647322
697,0.9658373772564128
698,0.9658373771711605
699,0.9658373754542771
700,0.9658373793119569
701,0.9658373760833456
702,0.965837373694678
703,0.9658373771067311
704,0.9658373756654817
705,0.9658373778811669
706,0.9658373760409033
707,0.9658373758912854
708,0.9658373735568274
709,0.9658373760600684
710,0.9658373775970405
711,0.965837376416913
712,0.9658373759760693
713,0.9657306519380883
714,0.9658373740555274
715,0.9658373760665594
716,0.9658373747339608
717,0.9658373761503795
718,0.9658373775714612
719,0.9658373758308648
720,0.9658373786834125
721,0.9658373771278457
722,0.9658373784892875
723,0.9658363648792486
724,0.9658669732328486
725,0.9658128494374738
726,0.9658373759904404
727,0.9658373779997925
728,0.9658373756229824
729,0.9658373753616604
730,0.9658373775075744
731,0.9658373732300087
732,0.9658373748286018
733,0.965837375341457
734,0.9658373783009134
735,0.9658373786030191
736,0.9658373744119767
737,0.9658065507446748
738,0.9658004367066844
739,0.9658373854552658
740,0.9658368987408031
741,0.9658373779115644
742,0.9658373762960694
743,0.9658373753605048
744,0.9658374020806114
745,0.9658373579376969
746,0.9658373763963614
747,0.9658373424271129
748,0.9658373751311035
749,0.9658373401600878
750,0.965837376229727
751,0.9658370681227968
752,0.96583709885189
753,0.9658373783396906
754,0.9658373770092236
755,0.9658373757481055
756,0.9658373769898402
757,0.9658373763419965
758,0.9658373757013906
759,0.9658373784540997
760,0.9658374804811509
761,0.9658373747229171
762,0.9658373752822395
763,0.9658358201694682
764,0.9658373804691048
765,0.965837378346597
766,0.9658373767190481
767,0.9658373761236081
768,0.965837378589524
769,0.9658373773306902
770,0.9658373769358022
771,0.9658373759454386
772,0.9658371959222772
773,0.965837375897219
774,0.9658373766998298
775,0.965837161891491
776,0.9658335350397854
777,0.9658373774923512
778,0.9658376959935155
779,0.9658373786078783
780,0.9658365077196644
781,0.9658387433345085
782,0.965837332190222
783,0.9658588876012193
784,0.9658387355816588
785,0.9658761026697953
786,0.9658372160178386
787,0.9658370739825378
788,0.9658211960385064
789,0.9658334875330581
790,0.9657143131046623
791,0.9658147775848711
792,0.9658373993415581
793,0.9658373846640488
794,0.965837376149875
795,0.9658373831044629
796,0.9658375881391269
797,0.9658398276219461
798,0.9658373810436498
799,0.9658373903222335
800,0.9658373745801074
801,0.9658373747789389
802,0.9658373755254019
803,0.9658373758408048
804,0.9658373750725694
805,0.965837319452908
806,0.9658375586945782
807,0.965837374856535
808,0.9658373779924305
809,0.9658825543962729
810,0.9658365937483664
811,0.9658373795005468
812,0.9658373775989748
813,0.9658375277513049
814,0.9658372644250893
815,0.9658373751182954
816,0.9658372598042902
817,0.9658373739615616
818,0.9658373755202893
819,0.9658373757201388
820,0.9658373767974144
821,0.965837270861996
822,0.9658373743300794
823,0.9658373751593814
824,0.9658373758818972
825,0.9658373764948569
826,0.9658351326302282
827,0.9658373556085453
828,0.9658379518328686
829,0.965838853119139
830,0.9658373637689067
831,0.9658352567166392
832,0.9658393775673828
833,0.9658373406258367
834,0.9658380333472557
835,0.9658386401184544
836,0.9658372351642085
837,0.9658440244939511
838,0.965886140106202
839,0.9658336298883946
840,0.9659038238841996
841,0.965835883664657
842,0.9658369056218641
843,0.9658231544826719
844,0.96583734829068
845,0.9658373761398055
846,0.9658373743626342
847,0.9658373869778114
848,0.9658421448065259
849,0.9658374511131885
850,0.965837382237987
851,0.9658376616926481
852,0.965837383944206
853,0.9658373398672104
854,0.9658373396292587
855,0.9658373902629593
856,0.9658374470078436
857,0.9658373858326508
858,0.9658373758371456
859,0.9658373819132414
860,0.9658375987350232
861,0.9658373820146389
862,0.9658373920244645
863,0.9658373781708243
864,0.9658373768412591
865,0.9658373774294016
866,0.9658373762565855
867,0.9658373784657842
868,0.9658373754111397
869,0.9658373746186862
870,0.9658284216893527
871,0.9658373746186862
872,0.9658373837909906
873,0.9658373907992716
874,0.9657752178411823
875,0.9658366905512565
876,0.9658371672784255
877,0.9658374405748219
878,0.9658373762706137
879,0.9658373146468634
880,0.9658373483575168
881,0.9658377725585817
882,0.9658373935184601
883,0.9657707638902973
884,0.9658374855629507
885,0.9658373769096067
886,0.9658345371544425
887,0.9658374085740686
888,0.9658373738280885
889,0.9658373780120815
890,0.9658382306597436
891,0.9658438870795464
892,0.9658377146826941
893,0.965837467527282
894,0.9658373834766936
895,0.965837540454135
896,0.9658376985886932
897,0.9658377362656207
898,0.9658375997971812
899,0.9658425499753309
900,0.9658373412476662
901,0.9658307946925592
902,0.9658372843687095
903,0.9658373775948863
904,0.9658373784413138
905,0.9658373768862136
906,0.9658373776916593
907,0.9658373767619152
908,0.9658373760232031
909,0.9658373756202082
910,0.965837377049294
911,0.9658373761104615
912,0.9658373751230184
913,0.9658373761896585
914,0.9658373792336028
915,0.9658373755805664
916,0.9658373751639364
917,0.9658373749344846
918,0.9658373879263296
919,0.9658373772309613
920,0.9658373753504563
921,0.9658373774747133
922,0.9658374877967046
923,0.965837426452987
924,0.9658373758820485
925,0.9658374084573387
926,0.9658373788726586
927,0.9658373792317451
928,0.965837377559452
929,0.9658373760535922
930,0.9658372095157036
931,0.965837380800883
932,0.9658373776805864
933,0.9658369716370584
934,0.9658370342123562
935,0.9658373715208473
936,0.9658326204883374
937,0.9658358060416403
938,0.9658296244977741
939,0.9658372329670436
940,0.9658371173393832
941,0.9658373573939216
942,0.9658338466502092
943,0.9658373759356315
944,0.9658373297954463
945,0.965837257253531
946,0.965834098281481
947,0.9658305084908175
948,0.965837374913602
949,0.9658373776609351
950,0.9658373848067365
951,0.9658356661112576
952,0.9658374036847119
953,0.9658373887152112
954,0.965837375250263
955,0.9658373697897868
956,0.9658371691695663
957,0.9658373828496086
958,0.9658373781742801
959,0.965837375135727
960,0.9658382452351414
961,0.9658373783115513
962,0.9658248906208615
963,0.9658373868711314
964,0.9658475934253475
965,0.9658384337173176
966,0.9658225532131106
967,0.9658385334266392
968,0.9658374897462244
969,0.9658376535905248
970,0.9658698164599323
971,0.9658312965136513
972,0.9658373802219313
973,0.9658367563932432
974,0.9658374016769031
975,0.9657861398124891
976,0.9657219571425812
977,0.9658373741132359
978,0.965837376899318
979,0.9658373772995705
980,0.9658373766403865
981,0.9658373777454594
982,0.9658374449757371
983,0.9658373758224015
984,0.9658377446263632
985,0.9658390305386679
986,0.9658373775629568
987,0.96583737582298
988,0.9658373754237406
989,0.9658373764015681
990,0.9658373755063947
991,0.9658373765845041
992,0.9658373740609836
993,0.9658374352812213
994,0.9658373748583221
995,0.9658374099341054
996,0.9658373806154729
997,0.9658373757433701
998,0.9658377654281536
999,0.9658374067371952
1000,0.9658373746953242
1001,0.9658373758373732
1002,0.9656082823087515
1003,0.965837438772832
1004,0.9658374811444659
1005,0.9658373755954527
1006,0.9658373757179167
1007,0.9658373777044319
1008,0.965837375205265
1009,0.9658373770788519
1010,0.965837376550844
1011,0.9658373760189766
1012,0.9658373782348783
1013,0.9658373753797308
1014,0.9658373780903321
1015,0.9658373748161805
1016,0.9658373747677922
1017,0.9658373735458964
1018,0.9658373764139241
1019,0.9658373755842791
1020,0.9658373756294898
1021,0.9658373774807596
1022,0.9658373760311625
1023,0.9658373790560586
1024,0.9658373745950616
1025,0.9658373751618149
1026,0.9658373767948456
1027,0.9658373772903899
1028,0.9658373757878502
1029,0.9658373748173501
1030,0.9658373761300715
1031,0.9658373775851627
1032,0.965837377451133
1033,0.9658373768229525
1034,0.9658373779969375
1035,0.965837378556339
1036,0.9658373758282159
1037,0.9658373741757861
1038,0.9658373748966361
1039,0.9658373759822692
1040,0.9658373781546394
1041,0.9658373763575762
1042,0.9658373759660105
1043,0.9658373749841253
1044,0.9658373781805527
1045,0.9658373778912991
1046,0.9658373740268044
1047,0.965837375340244
1048,0.9658373782826337
1049,0.9658373774077997
1050,0.9658373753868238
1051,0.9658373751023087
1052,0.9658373766203276
1053,0.9658373463599482
1054,0.9658373769077986
1055,0.9658376719835058
1056,0.9658378050134654
1057,0.9658373769551134
1058,0.965837375461795
1059,0.9658373767483527
1060,0.9658373766841046
1061,0.9658351847753043
1062,0.9658373764395691
1063,0.9658373770923692
1064,0.9658373762291053
1065,0.9658373764763365
1066,0.9658329785853391
1067,0.9658380792565506
1068,0.9658374113624327
1069,0.9658379004268368
1070,0.9658398398958495
1071,0.9658373801596879
1072,0.9658373762895663
1073,0.965837376780164
1074,0.9658373744843746
1075,0.9658374402371027
1076,0.9658376748550613
1077,0.9658374252673146
1078,0.9658375318362805
1079,0.9658373757867179
1080,0.9658373756575938
1081,0.9658373898682948
1082,0.9658373889337538
1083,0.9658373870098692
1084,0.965837375558016
1085,0.965837378237472
1086,0.9658374651856917
1087,0.9658373742924986
1088,0.9658373763467237
1089,0.9658373761087032
1090,0.9658375295980671
1091,0.9658373802348726
1092,0.9658375751761957
1093,0.9658373863118844
1094,0.9658373774565928
1095,0.9658466698702373
1096,0.9658373778131201
1097,0.965837378432582
1098,0.9658373765012244
1099,0.9658373757536199
1100,0.9658373776473874
1101,0.9658373761555374
1102,0.9658373748176377
1103,0.9658373765097454
1104,0.9658373749022309
1105,0.9658373773034509
1106,0.9658373755993713
1107,0.9658373757912095
1108,0.9658373749721832
1109,0.9658373760095743
1110,0.9658373746110916
1111,0.9658373769272632
1112,0.9658373738648627
1113,0.9658373766113507
1114,0.9658373746611526
1115,0.9658373746124724
1116,0.9658373768376677
1117,0.9658373749556874
1118,0.9658373746358025
1119,0.9658373723248356
1120,0.9658373756425479
1121,0.9658373757982672
1122,0.9658373756434572
1123,0.9658373758885987
1124,0.9658373746168232
1125,0.965837376257374
1126,0.9658373747499758
1127,0.9658373688437877
1128,0.9658373748684328
1129,0.9658373764349515
1130,0.9658373775193398
1131,0.965837375695563
1132,0.965837376264541
1133,0.9658373778686256
1134,0.9658373764110526
1135,0.9658373756182712
1136,0.9658373750066755
1137,0.9658373775928727
1138,0.9658373762765307
1139,0.9658373768554892
1140,0.9658373780868041
1141,0.9658373743064447
1142,0.965837372871217
1143,0.9658373755739187
1144,0.9658373746171184
1145,0.9658373753419
1146,0.9658373775179859
1147,0.9658373767331048
1148,0.9658373744575797
1149,0.965837376547557
1150,0.9658373765996769
1151,0.9658373763684616
1152,0.9658373759721729
1153,0.9658373763204022
1154,0.9658373752286642
1155,0.9658373746186862
1156,0.9658373748412271
1157,0.9658373746522624
1158,0.9658373769644893
1159,0.9658373752469634
1160,0.9658373764359177
1161,0.9658373760172414
1162,0.9658373760036005
1163,0.9658373761576187
1164,0.9658373748891628
1165,0.9658373748119004
1166,0.965837375236883
1167,0.9656265977149596
1168,0.9658374126846533
1169,0.9658374459690939
1170,0.9658373812319502
1171,0.965837383275679
1172,0.9658373749040968
1173,0.9658335357887413
1174,0.9658375670784024
1175,0.9658376064844029
1176,0.9658373765588818
1177,0.9658373765972543
1178,0.9658373753129281
1179,0.9658373769625201
1180,0.9658373764118532
1181,0.9658373754256624
1182,0.9658365227482462
1183,0.9658373763081807
1184,0.9658373755759754
1185,0.9658373757703668
1186,0.9658373774167446
1187,0.9658373749645418
1188,0.9658373753678299
1189,0.965837377120697
1190,0.9658373750678496
1191,0.9658373725410618
1192,0.9658373755523567
1193,0.9658373766971163
1194,0.9658373759069702
1195,0.9658406130395808
1196,0.965837364397631
1197,0.965837373128287
1198,0.9658373782977315
1199,0.9658373761393376
1200,0.9658493694553467
1201,0.9659041655395827
1202,0.9658373769283907
1203,0.9658373287611784
1204,0.9658373588654665
1205,0.9658373773218818
1206,0.9658642917756218
1207,0.9660343757118579
1208,0.9658373747742692
1209,0.965837392237768
1210,0.9658375038685723
1211,0.9658373757434875
1212,0.9658375651803663
1213,0.9658373835544275
1214,0.965837443334336
1215,0.9658373810131262
1216,0.9658373782164604
1217,0.9658347107682034
1218,0.9658373758870256
1219,0.965837370473351
1220,0.9658369617469728
1221,0.9658379885416167
1222,0.9658264338417935
1223,0.9658368730210236
1224,0.9658354984968285
1225,0.9658373774971116
1226,0.9658373694666431
1227,0.9658373761138074
1228,0.9658373748842489
1229,0.9658373752047127
1230,0.9658391423426727
1231,0.9658373748995103
1232,0.9658373758401693
1233,0.9658373750567395
1234,0.9658373768581329
1235,0.9658373767648117
1236,0.9658373746485859
1237,0.9658373764934772
1238,0.9658373764752173
1239,0.9658373763162108
1240,0.9658373764893854
1241,0.9658373774087909
1242,0.965837376620393
1243,0.9658373747643691
1244,0.9658373752087427
1245,0.96583737579182
1246,0.9658373755082754
1247,0.9658373756534172
1248,0.9658373776120425
1249,0.9658373757416526
1250,0.9658373748621951
1251,0.9658373778094462
1252,0.9658373753565874
1253,0.9658373755005885
1254,0.9658373756969185
1255,0.965837376102865
1256,0.9658373763881967
1257,0.9658373758730245
1258,0.9658373745180958
1259,0.9658373753757872
1260,0.9658373769247861
1261,0.9658373750257823
1262,0.9658373744033947
1263,0.9658373761512075
1264,0.9658373769803658
1265,0.9658373773453937
1266,0.9658373749648078
1267,0.9658373765390288
