reaction_index,Temp 1292.51
0,4.037736979983762
1,4.072718338816366
2,4.072624318393698
3,4.07091212041233
4,4.072751635655926
5,4.072755120451479
6,4.072755197844696
7,4.072755109714615
8,4.072755072670284
9,4.07275510121376
10,4.072755109714615
11,4.072755183311448
12,4.072755671536683
13,4.072755148846291
14,4.0725072951264965
15,4.072184411035653
16,4.072736766816204
17,4.0730065967312115
18,4.072327901772833
19,4.073035667735302
20,4.072773944844679
21,4.071813378107964
22,4.072870925114845
23,4.0727730202907715
24,4.0727658016062405
25,4.072774055705362
26,4.072814332789727
27,4.072820888118884
28,4.073135520749107
29,4.072754972240025
30,4.072755104649227
31,4.07275631357022
32,4.072752683233239
33,4.072860527446738
34,4.072772306270362
35,4.072723018768712
36,4.0727550774843735
37,4.069933464693992
38,4.072831122587169
39,4.072755101572199
40,4.072755039079033
41,4.073103875651921
42,4.072854656007934
43,4.072759208604504
44,4.072755351347491
45,4.072756447116626
46,4.072756067013081
47,4.072741509809824
48,4.072755060331058
49,4.07304741765434
50,4.072602949088865
51,4.072355724125475
52,4.072755377610511
53,4.072757499848205
54,4.0731889075259184
55,4.072974005472219
56,4.072822119631018
57,4.072769520133311
58,4.072805716532788
59,4.071211776361911
60,4.071167428076238
61,4.072857681536959
62,4.072774396713655
63,4.072721869259676
64,4.07270087999072
65,4.072755628749145
66,4.072759907015692
67,4.072749871297154
68,4.073133763560694
69,4.072753324368425
70,4.072758572493728
71,4.072756233721788
72,4.072758774425704
73,4.072756547801718
74,4.072755572277464
75,4.072844452323081
76,4.072979415474169
77,4.072757376516019
78,4.072759672946249
79,4.072756357072079
80,4.0727551134337645
81,4.072755091304597
82,4.07275509027006
83,4.072755085923176
84,4.071173040638925
85,4.0727741345677995
86,4.0712617475488475
87,4.0727553098744895
88,4.072756472525474
89,4.0727550820860055
90,4.072761011119942
91,4.0727551353758535
92,4.072755102898814
93,4.072744335890833
94,4.072753608963635
95,4.072760072965395
96,4.072755446485858
97,4.072755139485064
98,4.072755107821146
99,4.072755127803807
100,4.0727659624676695
101,4.072869060604763
102,4.072745713140677
103,4.072744225233127
104,4.072709716255737
105,4.07275600065976
106,4.072772545470666
107,4.072791381111457
108,4.072776293427445
109,4.072755076339382
110,4.072760027382309
111,4.072754757617556
112,4.072755049673969
113,4.072754958026595
114,4.07275508038331
115,4.07275536674459
116,4.0727571420866635
117,4.072754938191429
118,4.072755194581961
119,4.072735770079239
120,4.072755099350462
121,4.072755108932558
122,4.072755101624435
123,4.072718337059806
124,4.07262433309213
125,4.071845477340294
126,4.072768992115318
127,4.072776230688909
128,4.072553315770317
129,4.0772710151809735
130,4.067146899439471
131,4.072474201401795
132,4.069481018179999
133,4.072828865048891
134,4.072721531057423
135,4.072755197236877
136,4.072756343886969
137,4.072797418023131
138,4.072754880897486
139,4.072758247931885
140,4.072755828144575
141,4.07276060107987
142,4.072799736606146
143,4.072748065004295
144,4.0727550636078975
145,4.072755062220201
146,4.072755010012957
147,4.07303566584722
148,4.072773953211387
149,4.072821799132235
150,4.072782443499459
151,4.0720297947041555
152,4.072664029005638
153,4.07184657996718
154,4.072764748090992
155,4.072757484946626
156,4.0727550759522755
157,4.064404721651396
158,4.072756452718354
159,4.072714181990292
160,4.072774052640962
161,4.072814298219788
162,4.072277130070364
163,4.072757307131719
164,4.072762916339238
165,4.072758957782505
166,4.072367240122186
167,4.072771084893019
168,4.0727557826427345
169,4.072721879786151
170,4.052110675523619
171,4.0727599408166535
172,4.072410273052859
173,4.0727422216067675
174,4.072756494825206
175,4.072757497778247
176,4.0722141711049336
177,4.072755039344421
178,4.072781293910729
179,4.072755092552742
180,4.072755164550323
181,4.072787384552905
182,4.072775371579704
183,4.072755242269504
184,4.072755006489977
185,4.072755078527464
186,4.07275510758571
187,4.0727550879140395
188,4.072755090266304
189,4.072755132972051
190,4.072755058750272
191,4.07275510819342
192,4.072755381285973
193,4.072759060959064
194,4.072755085220635
195,4.072755307189912
196,4.072755178026694
197,4.072755094448346
198,4.0727550844965945
199,4.072395450326516
200,4.072755088480901
201,4.073793500964581
202,4.072766157983106
203,4.072754623525905
204,4.0734175283425
205,4.072755084259096
206,4.0724734463609975
207,4.072755104907261
208,4.0727550588570764
209,4.073167339595483
210,4.072755129606297
211,4.072755088843136
212,4.072755059975774
213,4.072755058080446
214,4.072755091205252
215,4.07275510132194
216,4.072755055550827
217,4.072755098173328
218,4.072755099473981
219,4.07275507116108
220,4.072755118940399
221,4.072755093150446
222,4.0727550848423775
223,4.072755089476631
224,4.072755071859288
225,4.07275510354826
226,4.072753274777431
227,4.072745932819119
228,4.082944019714274
229,4.0731905914416355
230,4.074648926397064
231,4.072575434504011
232,4.072808343181837
233,4.072755219923722
234,4.072754676095845
235,4.072755286377507
236,4.072755059757398
237,4.0727550782115
238,4.0727550621024236
239,4.072755040649633
240,4.072758360879566
241,4.07275516199517
242,4.0727550840881
243,4.072745824764869
244,4.0727446132088465
245,4.082065064444736
246,4.073119768025458
247,4.074102180743564
248,4.072599050001914
249,4.072588834951111
250,4.072755091585028
251,4.07275521954165
252,4.071368555171126
253,4.072690479397037
254,4.072755189798856
255,4.072755055237348
256,4.072755611274285
257,4.0727550903065435
258,4.072755070271909
259,4.07275574797036
260,4.072755089673757
261,4.072755068120715
262,4.0720450662762016
263,4.072755095335236
264,4.072755125445423
265,4.072761129165248
266,4.072755109714615
267,4.072857017389805
268,4.072824358586026
269,4.0727676357803135
270,4.071799520549364
271,4.072729480611774
272,4.07139211680315
273,4.072945534302238
274,4.07284264135914
275,4.072714033013101
276,4.07275867726888
277,4.074636380707777
278,4.074019003869089
279,4.07275508596652
280,4.072755105252394
281,4.07275518921592
282,4.07275520454901
283,4.072755117618514
284,4.07275518921592
285,4.072624505564871
286,4.072067269198308
287,4.072754809881262
288,4.072751736209045
289,4.072755116585654
290,4.0727551135670295
291,4.072755083554892
292,4.072755191467572
293,4.072754953664554
294,4.0727550937653705
295,4.07275593455851
296,4.072769680671673
297,4.072769737114798
298,4.072782242535495
299,4.072760183578394
300,4.072755111566825
301,4.072755099738089
302,4.072668957201003
303,4.072603628241388
304,4.072755154036778
305,4.072755703283215
306,4.072755109714615
307,4.072755091475014
308,4.072755106799255
309,4.072755062448468
310,4.072755074488863
311,4.072755086915961
312,4.072755085197196
313,4.072755089994025
314,4.072755104872849
315,4.072755090837199
316,4.072755096932793
317,4.072755102064177
318,4.072755099569445
319,4.072755099145772
320,4.072755096570717
321,4.07275508699892
322,4.072755084079053
323,4.072755109714615
324,4.0727550967882555
325,4.072755085786403
326,4.072755097795203
327,4.072755083863173
328,4.072755058255987
329,4.07275509470784
330,4.072755076483378
331,4.072755089213443
332,4.072755088706008
333,4.072755080420691
334,4.072755109714615
335,4.072755093489079
336,4.072755076359314
337,4.07275508223435
338,4.072755121745069
339,4.0727551218600215
340,4.072755072089693
341,4.072755089145366
342,4.0727550777010375
343,4.072755109581693
344,4.072755072808866
345,4.0727551170792005
346,4.072755101079518
347,4.072755091941418
348,4.072755102100939
349,4.072755073397582
350,4.072755096215341
351,4.072755109714615
352,4.072755089000658
353,4.072755087977199
354,4.072755276530368
355,4.072754562690585
356,4.072703147304782
357,4.07274482557381
358,4.072752764314603
359,4.072758430108366
360,4.0727497984738195
361,4.072846363399081
362,4.072744970142925
363,4.072764712827967
364,4.072746869432036
365,4.072755064656364
366,4.072755095761088
367,4.072737016512102
368,4.0727573200158504
369,4.0727714062282585
370,4.072755101065651
371,4.072755108911163
372,4.072755072594108
373,4.072755096428402
374,4.072755114141146
375,4.072755089807578
376,4.0727550784748106
377,4.072755110481011
378,4.0727550698011745
379,4.072755103722725
380,4.0727551127018895
381,4.072755071747894
382,4.072755079835629
383,4.072755115482727
384,4.0727550873625695
385,4.072755060450715
386,4.072755109708518
387,4.072755243060152
388,4.072899503503815
389,4.072756319846124
390,4.072760150812359
391,4.072751414123922
392,4.0720127411140625
393,4.072578936895006
394,4.072629527302402
395,4.072742225618468
396,4.071047679495162
397,4.072756011024233
398,4.072677915464357
399,4.0727552728530645
400,4.072755168700958
401,4.072758607082847
402,4.072755270175706
403,4.072755112787695
404,4.072755064287686
405,4.080161536809819
406,4.0727553362957645
407,4.0727551055878735
408,4.072768658551642
409,4.072755194085751
410,4.072755265455607
411,4.072755068409426
412,4.072755063730817
413,4.072755280887424
414,4.072755085946126
415,4.072755137175789
416,4.07275509197539
417,4.0727550963729895
418,4.072755057681263
419,4.072755103931113
420,4.072755109398994
421,4.072755060824915
422,4.072734722017121
423,4.07261532655096
424,4.07275508581453
425,4.072755092050612
426,4.072755093137249
427,4.072755128295231
428,4.072755109355168
429,4.072755067593522
430,4.072755057784945
431,4.0727550816590075
432,4.0727550707488005
433,4.072755086886588
434,4.0727550932483725
435,4.072755111816813
436,4.072755086103977
437,4.072755109714615
438,4.07275510658839
439,4.072755078556642
440,4.072755136304656
441,4.072755049599593
442,4.072755076979533
443,4.072755091985525
444,4.072755082408449
445,4.072755091510106
446,4.072755075209858
447,4.072755075010238
448,4.0727550725018355
449,4.072755087393187
450,4.072755071030488
451,4.072755094654858
452,4.072755110422467
453,4.0727550934161565
454,4.072755381256251
455,4.072755071561257
456,4.07275508715868
457,4.072755075244499
458,4.072755100649917
459,4.072755087105969
460,4.0727550976664
461,4.072755073730166
462,4.072755093538138
463,4.072755074286502
464,4.072755111515115
465,4.072755102341377
466,4.072755067092315
467,4.07275510957062
468,4.0727550755
469,4.072755073293828
470,4.072755084152429
471,4.072755068339332
472,4.072755109488199
473,4.072755101706856
474,4.072755101830889
475,4.07275510188863
476,4.07275510109677
477,4.072755109714615
478,4.072755104893811
479,4.072755101937494
480,4.072755109714615
481,4.072755101730005
482,4.0727551106457485
483,4.072755109714615
484,4.072755108568621
485,4.0727551121979415
486,4.0727551122718095
487,4.072755109893632
488,4.072755109866116
489,4.072755111552203
490,4.072755113467188
491,4.072755110414508
492,4.072755111332565
493,4.072755110113297
494,4.072755101700096
495,4.072755109714615
496,4.072755107138638
497,4.0727551035380465
498,4.072755081094795
499,4.0727550830772685
500,4.0727551133111835
501,4.072755107644579
502,4.072755086864757
503,4.0727550746792485
504,4.072755109714615
505,4.072755101871539
506,4.0727550672878285
507,4.07275508967566
508,4.072755079568241
509,4.072755109714615
510,4.072755090793146
511,4.072755111246934
512,4.072755110062079
513,4.072755110962902
514,4.072755104691968
515,4.072755079494564
516,4.072755086648317
517,4.072755106381356
518,4.07275506918715
519,4.0727550641135375
520,4.072755087378704
521,4.072755081354294
522,4.072755109714615
523,4.072755082720757
524,4.0727550896764635
525,4.072755109714615
526,4.072755109842499
527,4.072755106937057
528,4.072755109714615
529,4.072755059232179
530,4.072755106096809
531,4.0727550981397
532,4.0727550397263705
533,4.07275508566818
534,4.072755104092212
535,4.07275510274185
536,4.072755109925574
537,4.072755109714615
538,4.072755109714615
539,4.072755101652555
540,4.072755111589121
541,4.07275511164482
542,4.072755111167079
543,4.0727550730746245
544,4.0727539790010425
545,4.072750175280059
546,4.072102783500131
547,4.072660160895919
548,4.076757192970889
549,4.073286550556055
550,4.073313559217918
551,4.077178182330911
552,4.072706767990766
553,4.076464499717197
554,4.072957651384763
555,4.072867573267532
556,4.072754661594794
557,4.072738349796426
558,4.072756273321777
559,4.072574848893972
560,4.072860560800887
561,4.072755098818755
562,4.072759880797777
563,4.072770091458647
564,4.072755073837656
565,4.072755083390684
566,4.072755089167498
567,4.072756132468203
568,4.072765146389668
569,4.072452717307044
570,4.072755096185227
571,4.072781203577234
572,4.072755145485066
573,4.072748785355134
574,4.072755110550954
575,4.07275511567348
576,4.072755092462346
577,4.072755100976356
578,4.072755236055112
579,4.072755100844667
580,4.072755070369667
581,4.0727550781037465
582,4.0727551105376385
583,4.072755086807838
584,4.072755093875704
585,4.072755063286446
586,4.072755075191039
587,4.072755079720214
588,4.072755110280595
589,4.072755120668163
590,4.072755102868987
591,4.072755084967669
592,4.072755087512293
593,4.072755106347384
594,4.072755073226912
595,4.072755071650621
596,4.072747622338437
597,4.072728822693038
598,4.072754542224269
599,4.072755112643141
600,4.072754825202735
601,4.072755047530476
602,4.0727550926424545
603,4.072755094866001
604,4.072754812759191
605,4.0727517618265425
606,4.0727550594212
607,4.072755095070413
608,4.072755069801126
609,4.072755109714615
610,4.0727550673794495
611,4.072755081937761
612,4.072755591620547
613,4.072755927080561
614,4.072755097040594
615,4.072755092640588
616,4.07275508854963
617,4.072755107250226
618,4.072755108854385
619,4.072755082944106
620,4.072755047239345
621,4.0727551163237825
622,4.072755161282479
623,4.0727881115966555
624,4.072818349375736
625,4.072824921809901
626,4.072756104238301
627,4.072756495152047
628,4.072741032874981
629,4.0727534728181265
630,4.072775576247096
631,4.07277040183607
632,4.0727550086830435
633,4.071156923481487
634,4.072645122097703
635,4.072760334527555
636,4.072756684792303
637,4.072755192165722
638,4.072755172253198
639,4.07275578478545
640,4.072755076862886
641,4.072747827464072
642,4.072755047616123
643,4.072755105345781
644,4.07275508417703
645,4.072755130661714
646,4.072756271743019
647,4.07275545736623
648,4.07275510798545
649,4.072755079096707
650,4.072755111320511
651,4.072755083649937
652,4.072755096375128
653,4.072755079185111
654,4.0727550450804575
655,4.072755094092373
656,4.072755097497932
657,4.072755122219402
658,4.072755061225
659,4.0727550895359395
660,4.072755082835058
661,4.072754981323204
662,4.072755088528513
663,4.072755090581114
664,4.072755074883061
665,4.072755085019791
666,4.072755104571496
667,4.072755064394041
668,4.072755087657449
669,4.072755435639615
670,4.072755055625921
671,4.072755101878203
672,4.072755110244845
673,4.072755109714615
674,4.072755109714615
675,4.072755054351029
676,4.072755074452206
677,4.072755109714615
678,4.072755115083338
679,4.072791111703641
680,4.072755098057325
681,4.072755064535532
682,4.072755110394012
683,4.072755607169289
684,4.0727550797416905
685,4.072755067317976
686,4.0727551180647845
687,4.072755108133873
688,4.072755068566476
689,4.072755082744687
690,4.072754537427023
691,4.07275508629635
692,4.072755093089139
693,4.072755082845466
694,4.072755111824055
695,4.072755105317639
696,4.0727550885696635
697,4.072755073128276
698,4.072755103667431
699,4.0727550871220695
700,4.072755084973897
701,4.0727550723304455
702,4.072755077476326
703,4.072755097717087
704,4.07275511132537
705,4.072755082577663
706,4.072755072019068
707,4.072755107362895
708,4.0727551044566
709,4.072755109555518
710,4.072755068758673
711,4.072755078745588
712,4.072755078098802
713,4.072494021583893
714,4.072755088556319
715,4.072755091946221
716,4.072755078106128
717,4.072755069066362
718,4.072755067554484
719,4.07275509929187
720,4.072755082289626
721,4.072755065970209
722,4.072755111796514
723,4.072755113634818
724,4.072755110147197
725,4.07275507022057
726,4.072755070425819
727,4.072755089911689
728,4.072755076953515
729,4.072755108842123
730,4.072755102300439
731,4.072755071687939
732,4.07275509518446
733,4.072755089847189
734,4.072755113051433
735,4.072755076159104
736,4.072755095609232
737,4.0648959536247515
738,4.071995114924151
739,4.072755759217843
740,4.072754692471836
741,4.072755069094817
742,4.072755284560822
743,4.07275333074743
744,4.0727628555831
745,4.072755254598596
746,4.072755079012725
747,4.072716850979523
748,4.072755096497833
749,4.072748887269358
750,4.07275518625876
751,4.072755855048497
752,4.072755559157395
753,4.072754973518755
754,4.07275506756604
755,4.072755096918926
756,4.072755077435667
757,4.072755155663445
758,4.072755095990472
759,4.072755182179316
760,4.072755102973898
761,4.0727551566060916
762,4.072755091923322
763,4.0726890225880465
764,4.072762485862651
765,4.0727551100730635
766,4.07275525988213
767,4.072755087285878
768,4.072755080267777
769,4.072755082713316
770,4.072755091560579
771,4.072755107069657
772,4.07273829739414
773,4.072755070078115
774,4.072755073968316
775,4.072755082949978
776,4.072754548086612
777,4.072755105086918
778,4.072726970045089
779,4.072754142459704
780,4.072738040242468
781,4.07276236904646
782,4.0727524609738674
783,4.072808090039294
784,4.072771286034522
785,4.0729297337377
786,4.072756063280396
787,4.072756977424492
788,4.072728208730801
789,4.0727623953969525
790,4.072211572313129
791,4.072760455162278
792,4.07275580308725
793,4.072755643625139
794,4.072755087433968
795,4.0727551601946885
796,4.072755775308011
797,4.072755017305862
798,4.0727552123736
799,4.0727558942381314
800,4.072755090744916
801,4.072755075967883
802,4.0727551053775475
803,4.0727550789869005
804,4.072755087941161
805,4.072754751997207
806,4.072756588613861
807,4.07275508801428
808,4.072755111906111
809,4.072806041968307
810,4.072756082789449
811,4.072755109998673
812,4.072755121960356
813,4.072755072511316
814,4.072754294819479
815,4.072755109714615
816,4.072755109714615
817,4.072755109714615
818,4.0727551225019605
819,4.072755071319577
820,4.072755111053734
821,4.072755109714615
822,4.072755084008408
823,4.072755075339123
824,4.072755075181723
825,4.072755071824199
826,4.072691310398232
827,4.0727550487082675
828,4.0727702307598905
829,4.072739509321361
830,4.072754808958465
831,4.072746811906312
832,4.072757373486466
833,4.072755037237004
834,4.072768722453202
835,4.072761868035026
836,4.072750510198814
837,4.072805928482463
838,4.0728324294346026
839,4.072751156838996
840,4.07299425194458
841,4.0727363989488445
842,4.072750299322205
843,4.07282006870453
844,4.072760748916476
845,4.072755088586018
846,4.072755085314314
847,4.072755123051461
848,4.072755070985027
849,4.072755743117171
850,4.07275518939908
851,4.072755089240491
852,4.072755111162135
853,4.07275491101292
854,4.072754845732805
855,4.072755184592361
856,4.072757458272397
857,4.072755601305119
858,4.072755092432973
859,4.072755190220918
860,4.072755833231923
861,4.072755359445399
862,4.07275593629816
863,4.0727550489616675
864,4.07275509646269
865,4.07275506788554
866,4.072755070662074
867,4.072755085483721
868,4.072755091738861
869,4.072755109714615
870,4.072708813953511
871,4.072755109714615
872,4.072755094903408
873,4.072755145055695
874,4.072667794936767
875,4.07274292813121
876,4.072754598336415
877,4.072755237130236
878,4.072755152843724
879,4.072754921022831
880,4.072755086461155
881,4.07275524230565
882,4.0727554455540975
883,4.071933907997504
884,4.0727552403825396
885,4.072755094504221
886,4.0727000567539875
887,4.072757048517158
888,4.072755092293795
889,4.072755097289337
890,4.072759819665335
891,4.072812529974663
892,4.072756850036271
893,4.072760262469977
894,4.072755554217951
895,4.072757823284351
896,4.072759010535552
897,4.072756719391798
898,4.072755940117372
899,4.072758082745792
900,4.072755040993221
901,4.072724227622914
902,4.072755030595063
903,4.072755099651103
904,4.072755061885177
905,4.072755069698619
906,4.072755076431015
907,4.072755096507224
908,4.072755070592009
909,4.0727550924289995
910,4.072755057054935
911,4.072755072133425
912,4.072755052202544
913,4.072755109099895
914,4.072755235168352
915,4.072755128873011
916,4.072755090634872
917,4.072755102378632
918,4.07275538503764
919,4.072755145580011
920,4.0727551043508745
921,4.072755149636687
922,4.072755145866948
923,4.072755095323278
924,4.072755087957439
925,4.072755101478628
926,4.072755103438542
927,4.072755109714615
928,4.072755109714615
929,4.0727551032085545
930,4.072755111270801
931,4.072755109714615
932,4.0727551081662705
933,4.072755104743588
934,4.072755066844713
935,4.0727551087033484
936,4.072755079911408
937,4.072755084634879
938,4.072755109714615
939,4.072755098160699
940,4.072755129789153
941,4.072755099750397
942,4.072755061606829
943,4.07275510416573
944,4.072755109714615
945,4.072755093406204
946,4.072755111142376
947,4.072755109714615
948,4.072755066355216
949,4.072755093780451
950,4.072755089294266
951,4.072755092255461
952,4.072755104339232
953,4.072755109714615
954,4.072755109714615
955,4.072755102007829
956,4.072755112187489
957,4.072755109714615
958,4.072755114281594
959,4.072755109714615
960,4.072755116464119
961,4.072755109714615
962,4.072755109403722
963,4.072755095647988
964,4.072755454131771
965,4.072754373725281
966,4.07275758827572
967,4.072754488244463
968,4.072755067734319
969,4.07275511906647
970,4.0727569766122675
971,4.07275469805865
972,4.072755110781193
973,4.072755183665904
974,4.072755075135461
975,4.072745825572398
976,4.072716945858342
977,4.072755111534808
978,4.072755085285271
979,4.072755092259316
980,4.072755093389177
981,4.072755080716444
982,4.0727551322858355
983,4.072755064339937
984,4.072755160853089
985,4.072755074121293
986,4.072755050515378
987,4.072755095794757
988,4.072755108889238
989,4.072755087692291
990,4.072755082644134
991,4.072755099003198
992,4.072755096393261
993,4.072755111245162
994,4.072755075028264
995,4.072755166698674
996,4.072755056588264
997,4.0727551049159025
998,4.072755085027557
999,4.072755109710106
1000,4.0727550871035945
1001,4.0727551102572965
1002,4.072755090744224
1003,4.072755069270759
1004,4.0727551000562565
1005,4.0727550516125675
1006,4.072755084759222
1007,4.072755049528611
1008,4.0727550791884966
1009,4.072755092583001
1010,4.0727550787161535
1011,4.072755092273297
1012,4.072755093336888
1013,4.072755091796484
1014,4.072755089748098
1015,4.072755079763968
1016,4.072755102543704
1017,4.072755060537949
1018,4.072755077781738
1019,4.07275508196176
1020,4.07275509393083
1021,4.072755070882857
1022,4.072755070923699
1023,4.0727681020176
1024,4.072755095860566
1025,4.072755071661546
1026,4.07275506958853
1027,4.0727550786626745
1028,4.072755080739897
1029,4.072755086889944
1030,4.072755092480049
1031,4.072755069167858
1032,4.072755097485872
1033,4.072755107386778
1034,4.072755083307766
1035,4.072755077845126
1036,4.072755089634767
1037,4.072755083082552
1038,4.072755077628959
1039,4.072755072916895
1040,4.072755103571044
1041,4.072755105385564
1042,4.072755069963003
1043,4.0727551014595225
1044,4.072755085060255
1045,4.072755073179949
1046,4.072755111140379
1047,4.07275508527912
1048,4.072755096225503
1049,4.072755111726332
1050,4.072755102825654
1051,4.072755081709132
1052,4.072755060970771
1053,4.072755091825409
1054,4.072755081807908
1055,4.0727551041816685
1056,4.072755092132016
1057,4.072755087816913
1058,4.072755079930167
1059,4.0727550948530995
1060,4.072755071397203
1061,4.072694380784464
1062,4.072755070688352
1063,4.072755090470147
1064,4.07275506889617
1065,4.0727550776731904
1066,4.072755097057838
1067,4.07275508573564
1068,4.072755118148691
1069,4.072755079881405
1070,4.072755092978127
1071,4.072755088381076
1072,4.072755083683085
1073,4.072755102135831
1074,4.072755072372934
1075,4.07275507058898
1076,4.0727550711249965
1077,4.072755099601992
1078,4.072755096280608
1079,4.072755088947313
1080,4.072755111655344
1081,4.07275510854513
1082,4.072755091068421
1083,4.072755098397597
1084,4.072755112800253
1085,4.072755093393751
1086,4.072755102128724
1087,4.0727550815357905
1088,4.072755077463548
1089,4.072755115390883
1090,4.0727550859679535
1091,4.072755098826103
1092,4.072755104865306
1093,4.072755050730806
1094,4.072755069080224
1095,4.073171028281822
1096,4.072755056074789
1097,4.072755110463276
1098,4.072755109714615
1099,4.072755061485858
1100,4.072755109714615
1101,4.072755097306678
1102,4.072755105898843
1103,4.072755087993949
1104,4.072755081718516
1105,4.072755097195772
1106,4.072755104148417
1107,4.0727551097213395
1108,4.072755097999193
1109,4.072755128555035
1110,4.072755104310245
1111,4.0727550890142075
1112,4.0727550884146835
1113,4.072755090081687
1114,4.072755070251522
1115,4.072755109272584
1116,4.072755100335418
1117,4.072755061136556
1118,4.072755079128083
1119,4.072755104236703
1120,4.0727550494295945
1121,4.072755083830712
1122,4.072755118681973
1123,4.072755085314389
1124,4.072755109714484
1125,4.072755080459583
1126,4.072755076535851
1127,4.072755027288559
1128,4.072755109714615
1129,4.072755110248536
1130,4.072755109714615
1131,4.072755107035903
1132,4.07275506793383
1133,4.072755111048604
1134,4.072755106883326
1135,4.072755096551175
1136,4.072755085050635
1137,4.072755085571427
1138,4.072755104125171
1139,4.072755062315294
1140,4.072755105896047
1141,4.072755083200236
1142,4.0727551091667396
1143,4.072755086094443
1144,4.072755109714615
1145,4.072755113395466
1146,4.072755102743775
1147,4.072755109421191
1148,4.072755058688493
1149,4.072755072009547
1150,4.0727550730020825
1151,4.072755084108526
1152,4.072755075399891
1153,4.072755049588998
1154,4.07275510533515
1155,4.072755109714615
1156,4.072755109714615
1157,4.072755110843214
1158,4.072755103063893
1159,4.072755109723492
1160,4.072755058649457
1161,4.072755094558009
1162,4.072755070299229
1163,4.0727551006225
1164,4.072755081884408
1165,4.072755103772072
1166,4.072755085680298
1167,4.072755093105887
1168,4.072755109714615
1169,4.072755101588068
1170,4.072755112984232
1171,4.0727551112913565
1172,4.072755085647058
1173,4.070924062055386
1174,4.072691604306015
1175,4.072746819269488
1176,4.072753459571598
1177,4.072755120874736
1178,4.072755090583713
1179,4.07275505467447
1180,4.072755074490122
1181,4.072755112946302
1182,4.072741826690748
1183,4.072755049101356
1184,4.072755053427699
1185,4.072755045581698
1186,4.072755057936689
1187,4.072755068350499
1188,4.072755069522084
1189,4.072755073407596
1190,4.072755079347463
1191,4.0727550951480955
1192,4.072755079031511
1193,4.072755086360173
1194,4.072755091526209
1195,4.072755111285479
1196,4.07275506758716
1197,4.0727551102758195
1198,4.072755110580087
1199,4.072755109714615
1200,4.072755109714615
1201,4.072755109714615
1202,4.072755109714615
1203,4.072755109714615
1204,4.072755109714615
1205,4.072755109714615
1206,4.072755109714615
1207,4.072755109714615
1208,4.072755109714615
1209,4.072755061026251
1210,4.072755084232802
1211,4.07275510393563
1212,4.072755109714615
1213,4.07275505897621
1214,4.072755014441866
1215,4.07275511064463
1216,4.07275506464756
1217,4.072721357543251
1218,4.07275502604925
1219,4.0727553006589465
1220,4.072824321666002
1221,4.072744084615071
1222,4.072730333723648
1223,4.0727475385098515
1224,4.072671369151492
1225,4.072755090414064
1226,4.072754864999244
1227,4.072755072784111
1228,4.0727550770214735
1229,4.0727550755972
1230,4.072754245077808
1231,4.0727551007813405
1232,4.0727551180449195
1233,4.072755097248425
1234,4.072755088600619
1235,4.072755082238084
1236,4.072755096681684
1237,4.072755077185703
1238,4.072755070439519
1239,4.072755093402178
1240,4.072755089348823
1241,4.072755097139843
1242,4.072755086046427
1243,4.072755067682844
1244,4.072755056411309
1245,4.072755110902791
1246,4.072755079152487
1247,4.072755076249241
1248,4.0727550992936346
1249,4.072755093704402
1250,4.072755096609938
1251,4.072755061852521
1252,4.0727550957561185
1253,4.072755103249153
1254,4.072755080998125
1255,4.072755081467227
1256,4.072755108438365
1257,4.07275507141922
1258,4.072755109705118
1259,4.072755068568326
1260,4.072755067860739
1261,4.07275506390372
1262,4.07275508625486
1263,4.072755100374469
1264,4.072755076882424
1265,4.072755080857192
1266,4.072755065314702
1267,4.072755111002232
