reaction_index,Temp 1818.18
0,0.0089273582787438
1,0.00921369155123146
2,0.009209074222738136
3,0.009204659780705504
4,0.009219910299488598
5,0.00921414323570199
6,0.009214158499308626
7,0.009214139279580019
8,0.009214139251209006
9,0.009214139293384356
10,0.009214139279580019
11,0.00921418080917334
12,0.009214225690776257
13,0.009214150246849403
14,0.00921463411602297
15,0.009216445898907919
16,0.009211167191365463
17,0.009214593944332742
18,0.00921548915425048
19,0.009214126720169425
20,0.00921413928163939
21,0.009212070684252109
22,0.009214375337774777
23,0.009214440224741167
24,0.009214208566515551
25,0.009214185835471277
26,0.009214432231284394
27,0.009213315367264633
28,0.009214784284753488
29,0.009214136574305662
30,0.009214139259433337
31,0.0092141426982893
32,0.00921411713839436
33,0.009214625207061023
34,0.009214125688583083
35,0.009211375497078731
36,0.009214139438226156
37,0.009202657046667421
38,0.00921425837381258
39,0.009214139454701299
40,0.009214139466968016
41,0.009191142181959034
42,0.009224194309100963
43,0.009214433431276732
44,0.009214422910423821
45,0.009216464973065488
46,0.009214153483298508
47,0.009209656235805453
48,0.009214142225183191
49,0.009223227981386134
50,0.00921364549036753
51,0.009214120410171585
52,0.009214157162286749
53,0.009214140745435771
54,0.009235980650180645
55,0.009217455616279154
56,0.00921826859847518
57,0.009219869708667542
58,0.009214934310433484
59,0.009213482893346609
60,0.00921469592170531
61,0.009214128483940239
62,0.009214156588739442
63,0.009212877889237326
64,0.00920968018848539
65,0.009215299175330389
66,0.00921450597362744
67,0.009214040388110077
68,0.009216325068112435
69,0.009214138141415296
70,0.009214150962892546
71,0.00921428060600071
72,0.009214586994663244
73,0.009214339471386957
74,0.009214173825028088
75,0.009216154564034608
76,0.009214656319682693
77,0.009214211635142239
78,0.009214225155937655
79,0.009214158868706012
80,0.009214082892527878
81,0.009214139503339422
82,0.009214139429813025
83,0.009214139525775314
84,0.009224683041926987
85,0.009214269965381555
86,0.009213346062767684
87,0.009214145773462
88,0.009214191745145171
89,0.009214139685764412
90,0.009214141026817722
91,0.009214141912734147
92,0.009214139357910848
93,0.00921383858694664
94,0.009214130695287485
95,0.009214709132982855
96,0.009214782170541709
97,0.009214163392770936
98,0.009214144527987276
99,0.00921416098685338
100,0.009214135206436408
101,0.009207850374248792
102,0.009213826667173575
103,0.00921413658665336
104,0.00921387372672507
105,0.009214160635644484
106,0.009214094165270295
107,0.00921400199820076
108,0.009214109289679778
109,0.009214139374281826
110,0.009214364187014108
111,0.009214139077869568
112,0.009214139423978333
113,0.00921413929707921
114,0.009214139430234244
115,0.009214152294739762
116,0.009214185306947899
117,0.009214129503329548
118,0.00921414444786615
119,0.009214136177121123
120,0.009214142223065947
121,0.009214138820722308
122,0.009214139838899921
123,0.009213691447604278
124,0.009209074165645264
125,0.0092165879899329
126,0.009214085213705217
127,0.009214952685515847
128,0.0092140834949428
129,0.009214907746060257
130,0.009209735614675764
131,0.009212841231684126
132,0.009206908895980212
133,0.009214373979217575
134,0.009214135978911438
135,0.009214139440575737
136,0.009214139275960933
137,0.009216811606176115
138,0.009214140651240156
139,0.009214137470682993
140,0.009214139096052624
141,0.009214063146916102
142,0.00921279107266566
143,0.009214126515185635
144,0.009214139078120387
145,0.00921413914233145
146,0.009214139326293303
147,0.009214126782407498
148,0.009214139204304687
149,0.009221287383658523
150,0.009214669741770197
151,0.009214296032643579
152,0.00919849907968279
153,0.00921629892181528
154,0.009215354818924205
155,0.009214186306224136
156,0.00921413948025676
157,0.009211270763125329
158,0.009214185465402041
159,0.009213166782718578
160,0.009214185738909645
161,0.009214432291818897
162,0.009201733875735476
163,0.009214190402062152
164,0.009214304056943281
165,0.009214208616785638
166,0.009214139784232023
167,0.009214205686004874
168,0.009214144895305748
169,0.00921408121858099
170,0.009133210104315155
171,0.009214207997050824
172,0.009213552677965604
173,0.00921027477692615
174,0.009214165588659796
175,0.009214507085832022
176,0.009214088757032907
177,0.009214139038655223
178,0.0092141388997629
179,0.009214139493616475
180,0.009214139418840963
181,0.00921410353466121
182,0.009214140025815859
183,0.0092141666611226
184,0.00921414398435831
185,0.009214139423392043
186,0.009214139590172392
187,0.009214139402516107
188,0.00921413957559104
189,0.009214139850589964
190,0.009214139424498703
191,0.009214139574221462
192,0.009214154802210182
193,0.009214161001017298
194,0.009214139460021536
195,0.009214234247772086
196,0.009214138025156336
197,0.009214139491457647
198,0.009214139418243231
199,0.009213042469918659
200,0.009214139313146108
201,0.00919331138944831
202,0.009213944211850001
203,0.009214133256026122
204,0.009238902228655812
205,0.009214139556031696
206,0.009206292192775361
207,0.009214139429745164
208,0.00921413942562729
209,0.009215152009699279
210,0.009214172370578526
211,0.009214139280261184
212,0.009214139279507249
213,0.009214139279937028
214,0.009214139279931182
215,0.009214139283021474
216,0.009214139279616992
217,0.009214139276691942
218,0.009214139283195867
219,0.009214139278314647
220,0.009214139275881697
221,0.009214139282918081
222,0.009214139277957091
223,0.009214139281050866
224,0.00921413927688584
225,0.00921413928312624
226,0.009212858100963136
227,0.009214135511059407
228,0.009250899716643122
229,0.009214253631376563
230,0.009218842957669887
231,0.009214129043505614
232,0.009214296577563607
233,0.009214139532403243
234,0.009214089557556078
235,0.009214141108001733
236,0.00921413938993689
237,0.009214140294867355
238,0.009214139377751333
239,0.009214139478886838
240,0.009214200301683684
241,0.009214141522501041
242,0.009214139279350915
243,0.00921272015931036
244,0.009214133521284357
245,0.009258804588508219
246,0.009213753702571669
247,0.009219209853619197
248,0.009214126217252856
249,0.009214254984599695
250,0.009214139411623684
251,0.009214139505900257
252,0.009199248827292266
253,0.009213181832535207
254,0.009214141878476897
255,0.009214139325055349
256,0.009214168192426417
257,0.009214139403107776
258,0.00921413951148721
259,0.009214166611500737
260,0.009214141341165372
261,0.009214139281216227
262,0.009214184111776299
263,0.009214112455726856
264,0.009214096134012001
265,0.009214652101676478
266,0.009214139279580019
267,0.009213048335515284
268,0.00921360276567646
269,0.009214073014767494
270,0.009211594767917556
271,0.009213814936569696
272,0.00921417964937425
273,0.009214551435116616
274,0.009214593369140676
275,0.00921563489518334
276,0.009214698175764563
277,0.009215520586969256
278,0.009219120648357823
279,0.009214139282018665
280,0.009214139280410929
281,0.009214144413047388
282,0.009214142238287112
283,0.00921414317720661
284,0.009214144391221786
285,0.009214152350173909
286,0.009214161098773028
287,0.009214139361045407
288,0.009214139449986792
289,0.009214141429343086
290,0.00921414129601458
291,0.009214140990625258
292,0.009214227118753337
293,0.009214138494540619
294,0.009214139280960258
295,0.009214285383251308
296,0.009215340282079416
297,0.009214418931946978
298,0.009214376407919481
299,0.009215061217658898
300,0.009214139270850871
301,0.009214139275120208
302,0.009214062214978478
303,0.009214229369008613
304,0.009214139417426555
305,0.009214139399813182
306,0.009214139279580019
307,0.009214139278183237
308,0.009214139284336923
309,0.00921413928007433
310,0.00921413927740241
311,0.009214139277114106
312,0.009214139278178959
313,0.009214139286065728
314,0.009214139278766038
315,0.009214139286305831
316,0.009214139276558557
317,0.009214139278866806
318,0.00921413927940231
319,0.00921413927721404
320,0.009214139279188809
321,0.009214139278739871
322,0.009214139276946975
323,0.009214139279580019
324,0.00921413928064296
325,0.009214139276017736
326,0.009214139275455517
327,0.009214139275692534
328,0.009214139281787498
329,0.00921413927899626
330,0.009214139276169488
331,0.00921413927374186
332,0.00921413927769157
333,0.009214139276250912
334,0.009214139279580019
335,0.009214139283706835
336,0.00921413927607618
337,0.009214139448303309
338,0.00921414156744049
339,0.009214141227980156
340,0.009214139277381803
341,0.009214139280655368
342,0.00921413928116939
343,0.009214143980476907
344,0.009214139278065374
345,0.009214139280232205
346,0.009214139282412829
347,0.009214139282380518
348,0.009214139280606399
349,0.009214139279767351
350,0.009214139278110276
351,0.009214139279580019
352,0.009214139279767351
353,0.009214139279580718
354,0.009214141880717761
355,0.009214138640697207
356,0.00921500102780638
357,0.009214185192298378
358,0.009214137496390891
359,0.00921441798431142
360,0.009213748675875714
361,0.009215876446111135
362,0.009214084717023759
363,0.009214177783423089
364,0.009213936861867307
365,0.009214139726432506
366,0.009214139441216837
367,0.009214037266479163
368,0.009214139149534301
369,0.009214135725510239
370,0.009214140282474569
371,0.009214139332994583
372,0.00921413941439295
373,0.009214139286309497
374,0.009214139406921635
375,0.009214139421968434
376,0.009214139413907037
377,0.009214139279580019
378,0.009214139418062617
379,0.009214139397469267
380,0.009214139279580019
381,0.009214139418381388
382,0.009214139484752144
383,0.009214139412012212
384,0.009214139413585471
385,0.009214139279473637
386,0.009214139277694978
387,0.009217539767898405
388,0.009233463841288814
389,0.009214317053445243
390,0.009214478253246547
391,0.00921413875879535
392,0.009216720343004399
393,0.009213211019469182
394,0.009214026100245791
395,0.009214136967185819
396,0.009213211188659092
397,0.009214137730881894
398,0.009214135918234879
399,0.009214139553757777
400,0.009214139473758563
401,0.009214161904543971
402,0.009214139901440807
403,0.009214139523518518
404,0.00921413927992421
405,0.009220260073477562
406,0.00921413954297395
407,0.009214139279927981
408,0.009214184386915734
409,0.009214141525614911
410,0.009214140975292806
411,0.00921413927942436
412,0.009214139281839902
413,0.009214141333133618
414,0.009214139459816239
415,0.009214139456332173
416,0.009214139279579444
417,0.009214139464232446
418,0.009214139279810424
419,0.009214139281543037
420,0.009214139283226473
421,0.00921413928036213
422,0.009214016310335678
423,0.009214043830730979
424,0.009214139420394682
425,0.009214139388032092
426,0.009214139282333292
427,0.009214139272874546
428,0.00921413928076982
429,0.009214139279487813
430,0.009214139461929787
431,0.009214139277099674
432,0.009214139280275086
433,0.009214139272275143
434,0.009214139280089824
435,0.009214139279717395
436,0.009214139281398543
437,0.009214139279580019
438,0.00921413927916662
439,0.009214139412150574
440,0.009214141608649657
441,0.009214139402159836
442,0.009214139277832739
443,0.00921413928516166
444,0.009214139278008984
445,0.00921413932673004
446,0.009214139674796744
447,0.009214139452803817
448,0.009214139996618707
449,0.009214139489385422
450,0.009214139491868735
451,0.009214139442619234
452,0.00921413940329277
453,0.009214139367924196
454,0.009214172551544482
455,0.009214139418415394
456,0.00921413944569776
457,0.00921413927956718
458,0.009214139277598125
459,0.009214139422050597
460,0.009214139430495262
461,0.009214139440059903
462,0.009214139443946666
463,0.009214139424247269
464,0.009214139279580019
465,0.009214139277179546
466,0.009214139411800399
467,0.009214139283221337
468,0.009214139281977595
469,0.009214139281071565
470,0.009214139280606397
471,0.00921413927888106
472,0.00921413927967285
473,0.009214139279708078
474,0.009214139281058268
475,0.00921413928148306
476,0.00921413928127358
477,0.009214139279580019
478,0.009214139281456094
479,0.0092141392805125
480,0.009214139279580019
481,0.00921413928167957
482,0.009214139282609253
483,0.009214139279580019
484,0.00921413928109786
485,0.009214139280215746
486,0.009214139280293873
487,0.009214139289278798
488,0.009214139280631039
489,0.009214139279710787
490,0.009214139277869026
491,0.009214139279767377
492,0.009214139280991745
493,0.009214139282423366
494,0.00921413927916143
495,0.009214139279580019
496,0.009214139282711984
497,0.009214139280327827
498,0.009214139277482028
499,0.009214139281141887
500,0.009214139279963514
501,0.009214139280710378
502,0.009214139280396329
503,0.009214139279929066
504,0.009214139279580019
505,0.009214139279970047
506,0.009214139283302671
507,0.009214139278461538
508,0.00921413927897226
509,0.009214139279580019
510,0.009214139281016049
511,0.009214139281662755
512,0.00921413927958002
513,0.009214139280784638
514,0.009214139277671136
515,0.00921413927934373
516,0.009214139277639217
517,0.00921413928349725
518,0.009214139280144676
519,0.00921413928061577
520,0.009214139279067052
521,0.009214139283456223
522,0.009214139279580019
523,0.00921413928426526
524,0.009214139280709743
525,0.009214139279580019
526,0.0092141392829095
527,0.009214139280249794
528,0.009214139279580019
529,0.009214139278630913
530,0.009214139277678581
531,0.00921413928094052
532,0.009214139281984288
533,0.009214139277517477
534,0.009214139277348113
535,0.009214139279805564
536,0.009214139279677007
537,0.009214139279580019
538,0.009214139279580019
539,0.009214139281540903
540,0.00921413927965579
541,0.009214139278840457
542,0.009214139281770917
543,0.009214139424300475
544,0.00921413927083143
545,0.009214138899406055
546,0.009207491319716501
547,0.009212735102603968
548,0.009225032332603484
549,0.009215461631583809
550,0.009215385684836458
551,0.009225780119259583
552,0.00921413074102855
553,0.009230662292351113
554,0.00921411564066339
555,0.009214328893065324
556,0.009214139368605842
557,0.009214035771495578
558,0.009214140410314618
559,0.009214093736970857
560,0.009214519040092477
561,0.009214139283594417
562,0.009214163188815669
563,0.00921416516577222
564,0.00921413927720989
565,0.00921413928010872
566,0.009214139434273036
567,0.009214140494919884
568,0.009214190733505608
569,0.00921412526425927
570,0.00921413928127664
571,0.009215005764353943
572,0.009214140376604422
573,0.009214155459803813
574,0.00921413927884046
575,0.009214139461868385
576,0.00921413938547044
577,0.009214139395481477
578,0.00921415711642347
579,0.009214139412123996
580,0.009214139418389009
581,0.009214139275663698
582,0.00921413941605637
583,0.009214139384751236
584,0.009214139368633446
585,0.009214139407187003
586,0.009214139359820238
587,0.009214139280357907
588,0.009214139280357324
589,0.009214139377028158
590,0.009214140758189564
591,0.009214139388131004
592,0.009214139449000548
593,0.009214139421718878
594,0.009214139404285325
595,0.009214139433347222
596,0.009214034205487661
597,0.009214071546965373
598,0.0092141381158618
599,0.009214139279580019
600,0.00921413521061349
601,0.009214139261841807
602,0.00921413927966964
603,0.009214139416743958
604,0.009214138732687107
605,0.009214135265278218
606,0.009214139450705991
607,0.009214139396761085
608,0.00921413944658676
609,0.009214139279580019
610,0.009214139415773719
611,0.00921413928372333
612,0.009214139477362682
613,0.009214139542622473
614,0.009214139448683685
615,0.009214139280789338
616,0.009214139452066793
617,0.009214139279655822
618,0.009214139653082265
619,0.009214139458719413
620,0.009214139337127602
621,0.009214139430985497
622,0.009214146997505501
623,0.00921583053476794
624,0.009215211253906931
625,0.009214362661985427
626,0.009214140636777623
627,0.00921414942844455
628,0.00921413942217479
629,0.009214139057113335
630,0.009214174136199566
631,0.009214219576770299
632,0.009214139417444233
633,0.009209199090502988
634,0.00921358822326605
635,0.009214125209353977
636,0.00921413266730712
637,0.009214139440366436
638,0.009214139462436533
639,0.009214274610356296
640,0.009214139277813697
641,0.009214139002344484
642,0.009214139458640344
643,0.009214139403594881
644,0.009214139436634445
645,0.009214144781682079
646,0.009214150335694362
647,0.009214142269636459
648,0.009214139559191979
649,0.00921413939683322
650,0.009214139278808464
651,0.00921413943906926
652,0.009214139431387188
653,0.009214139416975688
654,0.009214139253612428
655,0.00921413945359961
656,0.00921413935801335
657,0.009214139437252267
658,0.009214139282872848
659,0.009214139421434946
660,0.009214139479278053
661,0.009214139214981858
662,0.009214139390119386
663,0.009214139452525352
664,0.009214139429226225
665,0.009214139481846302
666,0.00921413946701577
667,0.009214139412151686
668,0.00921413949983809
669,0.009214147290785428
670,0.00921413927893052
671,0.00921413928642754
672,0.009214139279580019
673,0.009214139279580019
674,0.00921413927958002
675,0.009214139278573613
676,0.009214139279210843
677,0.009214139279580019
678,0.009214139281550546
679,0.009214771117024758
680,0.009214139280536405
681,0.00921413927637856
682,0.009214139279580019
683,0.009214133227902576
684,0.009214139380970765
685,0.009214139414042503
686,0.009214139456820224
687,0.00921413944325391
688,0.009214139435685925
689,0.00921413946105699
690,0.00921414529661501
691,0.009214139278073954
692,0.009214139279580019
693,0.009214139280494027
694,0.009214139283161303
695,0.009214139458253301
696,0.009214139361274224
697,0.009214139645584133
698,0.009214139449115304
699,0.009214139435706627
700,0.009214139459405064
701,0.009214139482208755
702,0.009214139383813044
703,0.00921413942072285
704,0.009214139279686243
705,0.009214139437368915
706,0.009214139463388409
707,0.009214139432589929
708,0.009214139279190806
709,0.009214139275588609
710,0.009214139477507053
711,0.009214139440195597
712,0.009214139336306609
713,0.00919562780196454
714,0.009214139429869365
715,0.009214139296597977
716,0.009214139406762774
717,0.009214139279392708
718,0.009214139278831164
719,0.009214139441199615
720,0.009214139425697666
721,0.009214139372395156
722,0.009214139363787668
723,0.009214139279305773
724,0.009214139279580019
725,0.009214139281887081
726,0.009214139422617444
727,0.009214139400528162
728,0.009214139400919275
729,0.009214139459663566
730,0.009214139429525961
731,0.009214139424132276
732,0.009214139421291461
733,0.009214139401058752
734,0.009214139456543483
735,0.009214139403424967
736,0.009214139279580716
737,0.009211101399903996
738,0.009212017320303271
739,0.009214151024244192
740,0.00921392895084625
741,0.009214139540018403
742,0.00921414259784111
743,0.009214139538613263
744,0.009214158805682871
745,0.00921413915257096
746,0.009214139411406334
747,0.00921413438775595
748,0.009214139432280256
749,0.009214130353921827
750,0.00921413966589343
751,0.00921411920535376
752,0.009214131962383623
753,0.009214139255134039
754,0.009214139419194993
755,0.00921413935999617
756,0.00921413943036706
757,0.009214140090535991
758,0.009214139436226985
759,0.009214140121065357
760,0.009214139280785235
761,0.009214139593664765
762,0.009214139646361148
763,0.009214085368618967
764,0.009214144122949245
765,0.0092141392775877
766,0.00921413961200305
767,0.009214139371081136
768,0.009214139282025928
769,0.009214139277882925
770,0.009214139379011782
771,0.009214139418482967
772,0.009214085632344807
773,0.009214139503978935
774,0.009214139284979425
775,0.009214138865652675
776,0.009214110629617961
777,0.00921413941883624
778,0.009214145847265237
779,0.009214139418578814
780,0.009214132167020871
781,0.009214213838428863
782,0.009214139099448432
783,0.009215632867454533
784,0.009214513397701225
785,0.009215877097155389
786,0.009214138635076332
787,0.009214189517385467
788,0.009213234033216599
789,0.009214180464477782
790,0.009213869936731869
791,0.009212425321894735
792,0.009214140377582964
793,0.009214140114403675
794,0.009214139360378036
795,0.009214139641738107
796,0.009214149466067242
797,0.009214139277624392
798,0.009214140238401952
799,0.009214140967413425
800,0.009214139280928737
801,0.009214139342522323
802,0.009214139387568933
803,0.009214139277640821
804,0.009214139382339184
805,0.009214139046325063
806,0.00921413910530007
807,0.00921413928242255
808,0.009214139278840459
809,0.009215212969602034
810,0.009214152008531637
811,0.009214140506437445
812,0.00921413937093559
813,0.009214139277219955
814,0.009214138660001998
815,0.009214139279580019
816,0.009214139279580019
817,0.009214139279580019
818,0.009214139414874178
819,0.009214139448726238
820,0.009214139450436637
821,0.009214139279580019
822,0.009214139422897706
823,0.009214139431024549
824,0.009214139420996435
825,0.009214139283522318
826,0.009213876109996275
827,0.009214139302663711
828,0.009214176367202537
829,0.009214148996436732
830,0.009214139347249049
831,0.009214102712223303
832,0.009214169175659996
833,0.009214139418157677
834,0.009214139461445442
835,0.009214206137085713
836,0.009214138568759803
837,0.009214764121216598
838,0.009215769475867528
839,0.009214077577913102
840,0.009217007886105837
841,0.009213959148164865
842,0.009214067515493746
843,0.00921432801400585
844,0.009214139414749078
845,0.009214139387835803
846,0.009214139442214947
847,0.009214140966484685
848,0.009214139281884857
849,0.00921413922954036
850,0.00921413932557792
851,0.009214139421043604
852,0.009214139279750037
853,0.009214138951225545
854,0.009214138558111045
855,0.0092141395558424
856,0.009214142259516441
857,0.009214140083931066
858,0.009214139480742787
859,0.00921413967355851
860,0.009214149881038221
861,0.00921414070819197
862,0.009214141039900177
863,0.00921413927579572
864,0.009214139452142143
865,0.009214139401187413
866,0.009214139425830608
867,0.009214139276734612
868,0.00921413928171403
869,0.009214139279580019
870,0.009211026634921246
871,0.009214139279580019
872,0.009214157327588306
873,0.0092142723723557
874,0.009193909796474229
875,0.009213378060184052
876,0.00921410860595871
877,0.009214143937984063
878,0.009214141722197637
879,0.009214129892808164
880,0.009214133915562746
881,0.009214182074081175
882,0.009214158533121249
883,0.00918252873881551
884,0.009214335433427992
885,0.009214139087704713
886,0.009213017129559641
887,0.009214179213181734
888,0.009214167686472862
889,0.00921415565811042
890,0.009213429130900223
891,0.009217221343539084
892,0.009214211066918485
893,0.00921417319109995
894,0.009214142377398558
895,0.009214204132396396
896,0.009214302465922065
897,0.009214330088192946
898,0.009214283571927625
899,0.009215237531917261
900,0.009214039272181304
901,0.009212108243600681
902,0.009214111017413325
903,0.009214139486956248
904,0.009214139500001679
905,0.00921413935758377
906,0.009214139394794625
907,0.00921413938622961
908,0.009214139478930013
909,0.009214139401219706
910,0.009214139426454262
911,0.009214139445522938
912,0.009214139413088983
913,0.009214140466249564
914,0.009214141192530605
915,0.009214139415346729
916,0.009214139387550894
917,0.009214139396630511
918,0.00921415981471106
919,0.00921414041961531
920,0.00921413944789508
921,0.009214139773677682
922,0.00921415891477916
923,0.009214149835291693
924,0.009214139417981552
925,0.009214139279427672
926,0.009214139279580019
927,0.009214139279580019
928,0.009214139279580019
929,0.009214139280552022
930,0.009214139279659268
931,0.009214139279580019
932,0.009214139281497453
933,0.00921413927394475
934,0.00921413927658687
935,0.009214139278239162
936,0.009214139282126037
937,0.009214139276109276
938,0.009214139279580019
939,0.009214139282175652
940,0.009214139279989462
941,0.009214139277769378
942,0.00921413928215103
943,0.009214139279580019
944,0.009214139279580019
945,0.00921413928128115
946,0.009214139277825675
947,0.009214139279580019
948,0.009214139280014478
949,0.009214139280058256
950,0.009214139279942494
951,0.009214139281075583
952,0.009214139279580019
953,0.009214139279580017
954,0.009214139279580019
955,0.009214139280641555
956,0.009214139278808467
957,0.009214139279580019
958,0.009214139279880294
959,0.009214139279580019
960,0.009214139280359503
961,0.009214139279580019
962,0.009214139280068624
963,0.009214139093173722
964,0.009214147820454393
965,0.009213262244113087
966,0.009211665916334122
967,0.009214402387153244
968,0.009214141029539154
969,0.009214141891927135
970,0.009215946692556461
971,0.009214209032611434
972,0.00921414038078057
973,0.00921408147022547
974,0.009214150175101875
975,0.009206542839897353
976,0.009211308492237872
977,0.009214139621686894
978,0.00921413981834774
979,0.009214139487975899
980,0.009214139386621661
981,0.009214139445702076
982,0.009214164870680441
983,0.00921413951878888
984,0.00921422701251464
985,0.0092141392809224
986,0.009214139428648956
987,0.009214139282001947
988,0.009214139675275313
989,0.009214139457078722
990,0.009214139275936171
991,0.009214139389625009
992,0.0092141392803167
993,0.009214139280831172
994,0.009214139446716675
995,0.009214141416788293
996,0.00921414031955803
997,0.009214139280700378
998,0.00921413362988622
999,0.009214139297821113
1000,0.009214139532383998
1001,0.009214139279390075
1002,0.009214139280446617
1003,0.009214139278130471
1004,0.009214139284074356
1005,0.009214139282301123
1006,0.009214139400370117
1007,0.009214139443043426
1008,0.009214139392354772
1009,0.00921413938970402
1010,0.009214139402378408
1011,0.009214139417299021
1012,0.009214139377840472
1013,0.009214139422466546
1014,0.00921413942970139
1015,0.009214139409511027
1016,0.009214139456464812
1017,0.009214139426188542
1018,0.009214139457222196
1019,0.00921413928488221
1020,0.009214139526040917
1021,0.009214139433459084
1022,0.009214139430613886
1023,0.00921414044922335
1024,0.009214139426986423
1025,0.009214139362234806
1026,0.009214139447653336
1027,0.009214139468901478
1028,0.009214139378688885
1029,0.00921413941396192
1030,0.00921413937598219
1031,0.009214139405450274
1032,0.009214139416779564
1033,0.009214139458018753
1034,0.009214139286149984
1035,0.00921413939742531
1036,0.009214139462156793
1037,0.009214139434368806
1038,0.009214139279852616
1039,0.00921413927991958
1040,0.00921413940438169
1041,0.009214139440365164
1042,0.00921413941025975
1043,0.009214139489980625
1044,0.009214139440852804
1045,0.009214139421537398
1046,0.00921413944233947
1047,0.009214139400294639
1048,0.009214139445546759
1049,0.009214139280049471
1050,0.00921413945050191
1051,0.009214139388321375
1052,0.009214139425579575
1053,0.009214139281392676
1054,0.0092141392772624
1055,0.009214139279779788
1056,0.009214139277777283
1057,0.009214139401499786
1058,0.009214139377034334
1059,0.009214139441388415
1060,0.009214139390542098
1061,0.009214135713521367
1062,0.009214139427730793
1063,0.009214139424510288
1064,0.009214139387342772
1065,0.009214139424053813
1066,0.009214139277033604
1067,0.009214139278687434
1068,0.00921413928165673
1069,0.009214139276206224
1070,0.009214139279039676
1071,0.009214139276880489
1072,0.009214139448226676
1073,0.009214139283634562
1074,0.009214139281080315
1075,0.009214139279561549
1076,0.009214139282047241
1077,0.00921413927650148
1078,0.009214139282443233
1079,0.009214139281482571
1080,0.009214139282718107
1081,0.009214139278953827
1082,0.009214139277281206
1083,0.009214139274317981
1084,0.009214139281456951
1085,0.009214139280578522
1086,0.009214139280737506
1087,0.009214139277188433
1088,0.009214139279048164
1089,0.009214139280482071
1090,0.009214139276692334
1091,0.009214139277735433
1092,0.009214139278823792
1093,0.00921413927428931
1094,0.009214139280232741
1095,0.009214860462609746
1096,0.009214139442293927
1097,0.009214139376360887
1098,0.00921413928233259
1099,0.009214139438779906
1100,0.00921413927958002
1101,0.009214139477039376
1102,0.009214139393996757
1103,0.009214139438218773
1104,0.009214139429101533
1105,0.00921413942053162
1106,0.009214139513721731
1107,0.009214139434369406
1108,0.00921413942934287
1109,0.009214139417678534
1110,0.009214139439431019
1111,0.009214139446611763
1112,0.009214139443634096
1113,0.009214139371399862
1114,0.009214139388296443
1115,0.009214139279369196
1116,0.00921413938368703
1117,0.00921413928008811
1118,0.009214139429858464
1119,0.00921413943198166
1120,0.009214139395916008
1121,0.009214139382192095
1122,0.009214139439046677
1123,0.009214139436900947
1124,0.009214139281854326
1125,0.009214139449568337
1126,0.00921413941238476
1127,0.009214139355089222
1128,0.009214139279580019
1129,0.009214139279580019
1130,0.00921413927958002
1131,0.009214139433311333
1132,0.009214139423310485
1133,0.009214139361223877
1134,0.009214139381857367
1135,0.009214139440559327
1136,0.009214139390630748
1137,0.009214139391070126
1138,0.009214139461834428
1139,0.009214139401071597
1140,0.009214139281789624
1141,0.009214139454071884
1142,0.00921413928293414
1143,0.009214139278957369
1144,0.009214139279580022
1145,0.009214139279476577
1146,0.0092141392800116
1147,0.00921413927976735
1148,0.009214139278998397
1149,0.009214139373851052
1150,0.009214139601341407
1151,0.009214139495715888
1152,0.009214139420823256
1153,0.00921413941661953
1154,0.009214139358617276
1155,0.009214139279580019
1156,0.009214139279580019
1157,0.009214139280972308
1158,0.009214139279205133
1159,0.00921413927958002
1160,0.009214139283612678
1161,0.009214139279884934
1162,0.009214139270622172
1163,0.009214139278555631
1164,0.009214139281349896
1165,0.009214139281460806
1166,0.009214139281959712
1167,0.009214139429698572
1168,0.009214139279580019
1169,0.009214139282618695
1170,0.009214139278840459
1171,0.00921413928023222
1172,0.009214139428144575
1173,0.009214001148617625
1174,0.009214148466965742
1175,0.009214148651744062
1176,0.00921413936204191
1177,0.009214139456286723
1178,0.009214139406203026
1179,0.00921413927949806
1180,0.009214139433134465
1181,0.009214139439913897
1182,0.009214057808034682
1183,0.00921413934518933
1184,0.009214139420425142
1185,0.009214139307706839
1186,0.009214139458151778
1187,0.009214139437928615
1188,0.009214139446796311
1189,0.009214139284376305
1190,0.009214139379275304
1191,0.009214138636422934
1192,0.009214139280106079
1193,0.009214139283278208
1194,0.00921413928152333
1195,0.009214139281481936
1196,0.009214139279580019
1197,0.009214139280584862
1198,0.009214139280357416
1199,0.009214139279580019
1200,0.009214139279580019
1201,0.009214139279580019
1202,0.009214139279580019
1203,0.009214139279580019
1204,0.009214139279580019
1205,0.009214139279580019
1206,0.009214139279580019
1207,0.009214139279580019
1208,0.009214139279580019
1209,0.00921413928167005
1210,0.009214139279972052
1211,0.009214139282460601
1212,0.009214139279580019
1213,0.00921413928084568
1214,0.00921413927491553
1215,0.00921413928021619
1216,0.00921413939240148
1217,0.009213255526954702
1218,0.009214139483789584
1219,0.009214139097722578
1220,0.009214121585599935
1221,0.009214367444377978
1222,0.009211462671001158
1223,0.009213568209413468
1224,0.00921407980591787
1225,0.009214139402758687
1226,0.009214139254734247
1227,0.009214139422759969
1228,0.009214139431809482
1229,0.00921413939498493
1230,0.009214178102969369
1231,0.009214139422366556
1232,0.009214139398011387
1233,0.009214139373000266
1234,0.009214139476133792
1235,0.00921413941059626
1236,0.00921413945946115
1237,0.009214139398696197
1238,0.00921413938193946
1239,0.009214139276885993
1240,0.009214139441244176
1241,0.009214139409281823
1242,0.00921413944658359
1243,0.00921413937741579
1244,0.009214139280940831
1245,0.009214139279712074
1246,0.009214139366826522
1247,0.009214139413547444
1248,0.009214139422354198
1249,0.009214139404291206
1250,0.00921413944345464
1251,0.00921413934974533
1252,0.009214139432147328
1253,0.009214139428675518
1254,0.009214139480973198
1255,0.009214139278692116
1256,0.009214139279580019
1257,0.009214139396927999
1258,0.009214139279580019
1259,0.009214139407739824
1260,0.009214139439583768
1261,0.009214139440879027
1262,0.009214139458512367
1263,0.009214139427068216
1264,0.009214139419230698
1265,0.009214139400407197
1266,0.009214139284065889
1267,0.009214139283398112
