reaction_index,Temp 1292.51 x: 4.0
0,2.9299837080650732
1,2.9398308454724424
2,2.9397494086957967
3,2.939189163584403
4,2.939858810794793
5,2.9398438537961984
6,2.939843835334936
7,2.939843872732982
8,2.9398438744205264
9,2.9398438770076742
10,2.939843872732982
11,2.9398438515207204
12,2.9398436510098267
13,2.9398437482740643
14,2.939864787974306
15,2.9398923195557525
16,2.9398260581142575
17,2.9398598826919975
18,2.939873739466019
19,2.9398425539930213
20,2.939843814764859
21,2.939830441504734
22,2.939845922457062
23,2.9398410401044885
24,2.9398441171488754
25,2.93984401742621
26,2.939844344571272
27,2.939833395331335
28,2.939837990455192
29,2.9398436273913293
30,2.939843858484375
31,2.9398438966494416
32,2.939842108172856
33,2.9398641217775454
34,2.9398449253424705
35,2.93986574822387
36,2.939843876895306
37,2.9392737960878006
38,2.9398568331605612
39,2.9398438786871663
40,2.9398438736508097
41,2.939423302784152
42,2.939870125246664
43,2.939844645505466
44,2.939844002663142
45,2.9398422059300264
46,2.939843976660317
47,2.939821887345566
48,2.939843887422286
49,2.939963486636051
50,2.939842998175079
51,2.9398394199420914
52,2.9398439680203983
53,2.9398439096815
54,2.9401518583090156
55,2.9399626255065203
56,2.9398704762528753
57,2.9398701198706245
58,2.939850095955243
59,2.9398294353029875
60,2.9407035714617886
61,2.939999984968561
62,2.9398415458829277
63,2.9398370004812087
64,2.939670380815139
65,2.939834400993819
66,2.9398463594601028
67,2.9397979585842315
68,2.939932338717977
69,2.939843083221859
70,2.939844864163076
71,2.9398443577160323
72,2.939844853307705
73,2.9398439764171904
74,2.939843907499659
75,2.939862622042917
76,2.9398490608166004
77,2.939843948360233
78,2.9398441991515054
79,2.939843896811942
80,2.9398437966149946
81,2.939843876742716
82,2.939843873011551
83,2.939843876032905
84,2.939982194330491
85,2.939845466434684
86,2.939807721375632
87,2.939843887895089
88,2.9398439422899014
89,2.9398438702022744
90,2.9398441675911777
91,2.9398438791011348
92,2.9398438675946488
93,2.9398378710326583
94,2.9398431776081626
95,2.9398449580369865
96,2.9398432360624573
97,2.9398438973131515
98,2.9398438824259077
99,2.9398439015705384
100,2.9398783895413843
101,2.939824854107926
102,2.93984298305428
103,2.939843613633197
104,2.939840411901745
105,2.939844001838435
106,2.9398468226318144
107,2.93985280548392
108,2.939843902147542
109,2.9398438730339302
110,2.9398442576267376
111,2.9398437630680765
112,2.939843863095908
113,2.9398438438531507
114,2.9398438783110583
115,2.939843889296692
116,2.939843963120447
117,2.9398438652535526
118,2.939843883977189
119,2.939843706970028
120,2.939843881583547
121,2.9398438763451384
122,2.939843879981103
123,2.9398308472266415
124,2.9397494048839574
125,2.93982469930166
126,2.9398507194685157
127,2.9398521849040216
128,2.939832763961664
129,2.9399142585585807
130,2.9396282398904807
131,2.9395488652584008
132,2.939431796571863
133,2.9398520400256345
134,2.9398431993093355
135,2.939843871283636
136,2.939843605585054
137,2.939884671219742
138,2.939843875528205
139,2.9398441001937177
140,2.939843913878614
141,2.939834389169306
142,2.9397445329846974
143,2.93984292526286
144,2.9398437670786275
145,2.9398438353127014
146,2.9398438745154603
147,2.939842548318662
148,2.939843812357729
149,2.9398517766061913
150,2.9398547235175916
151,2.939811200683222
152,2.9397950896498757
153,2.9399137456810234
154,2.9398457853657045
155,2.9398439631336237
156,2.9398438771762216
157,2.9393852535466443
158,2.93984714284462
159,2.9398362806909275
160,2.939844017932303
161,2.939844348770823
162,2.9395724339321
163,2.9398440680729614
164,2.939844388741349
165,2.9398441646440663
166,2.939840609159496
167,2.9398445842159604
168,2.939843892061786
169,2.9398280653391216
170,2.935464456552444
171,2.9398441531782398
172,2.9398366732160466
173,2.9398317336253252
174,2.9398439668756597
175,2.939844721588802
176,2.93982635060195
177,2.939843868811397
178,2.939842987504217
179,2.939843873783989
180,2.9398438804316744
181,2.9398434787831236
182,2.9398441843650955
183,2.9398438978665915
184,2.9398437722943314
185,2.9398438774165405
186,2.9398438699894087
187,2.9398438732940035
188,2.939843878533832
189,2.939843874576941
190,2.939843873673887
191,2.939843874996342
192,2.93984385112375
193,2.939844096796884
194,2.9398438777904374
195,2.9398435712101247
196,2.9398438660757646
197,2.939843874302969
198,2.939843879898521
199,2.9398362385292387
200,2.9398438766044834
201,2.9403735389563166
202,2.939839709092888
203,2.939841791779351
204,2.94045981982236
205,2.9398438763855954
206,2.9397669014879555
207,2.939843873227881
208,2.9398438778119327
209,2.939853307326241
210,2.9398438987405426
211,2.9408715693227454
212,2.9398506766053516
213,2.9364470219563406
214,2.939816821488217
215,2.939915192768353
216,2.938932766430582
217,2.939805977234476
218,2.93969967848467
219,2.9398194956585457
220,2.939843825651948
221,2.93984453980677
222,2.9402135038006425
223,2.9399201671447823
224,2.9400442181740987
225,2.9398438777433062
226,2.939835681806561
227,2.939843545200231
228,2.941302963042468
229,2.940002942663605
230,2.940426006905503
231,2.9398378510634116
232,2.9399116524162756
233,2.939843889643695
234,2.939843693388105
235,2.9398438841655907
236,2.9398438748178903
237,2.93984387806873
238,2.93984387390757
239,2.9398438761353134
240,2.939843895045399
241,2.9398438778132077
242,2.9401991388216366
243,2.9398361093969054
244,2.939843396803088
245,2.9408624921491273
246,2.9399675644961034
247,2.9403040105014218
248,2.9398375394117804
249,2.939877252542959
250,2.939843875282891
251,2.9398438886914637
252,2.9392337309359076
253,2.939810151402514
254,2.939843878212913
255,2.93984387578037
256,2.9398439579077897
257,2.9398438785701893
258,2.939843876324374
259,2.9398438844540546
260,2.939843874725772
261,2.9400787378962194
262,2.939637980799077
263,2.939843878869052
264,2.9398438793630843
265,2.9398444543389384
266,2.939843872732982
267,2.9397831636228466
268,2.9398078980658857
269,2.939838461865344
270,2.939770572524912
271,2.939836856935552
272,2.9398469862367906
273,2.9398900946216537
274,2.939866572838068
275,2.9395272962295445
276,2.939766945318148
277,2.9401022373232144
278,2.94010156699017
279,2.9398491921143277
280,2.94004649263184
281,2.9398438775189195
282,2.939843879689499
283,2.9398438798023565
284,2.9398438784511325
285,2.939844212234225
286,2.9398455911157573
287,2.939843874478583
288,2.9398438562119895
289,2.9398438726098552
290,2.939843879777989
291,2.9398438713607793
292,2.939843880459921
293,2.9398438595840917
294,2.927733461203273
295,2.9398439495665145
296,2.939844909287833
297,2.9398445484037055
298,2.939844878749851
299,2.9398445072257857
300,2.9336342236001314
301,2.93984230680915
302,2.9398437363260954
303,2.939848918851094
304,2.9398438771068838
305,2.9398438632130826
306,2.9398436283095126
307,2.9398402968556847
308,2.9398438586393456
309,2.939843837174708
310,2.939843792562789
311,2.9398438665495146
312,2.939843873808792
313,2.939843858888056
314,2.939843871298622
315,2.9398438801320497
316,2.939843873215532
317,2.939843873806957
318,2.9398438757041236
319,2.939843875202415
320,2.939843878707945
321,2.9368774714176578
322,2.939843727778203
323,2.9398438812867305
324,2.93984387494572
325,2.939843871738698
326,2.9398438798716056
327,2.939843874337146
328,2.9398438700407454
329,2.9398438765665014
330,2.9398438696375364
331,2.9398438738185138
332,2.939843870258497
333,2.9397480967097653
334,2.9398438760003045
335,2.939843871140192
336,2.939843872872169
337,2.939843536551905
338,2.9398438774560884
339,2.939843873626841
340,2.9398438730600573
341,2.935528457480247
342,2.9398438747129942
343,2.9398438765160493
344,2.9398438737713084
345,2.939843878599843
346,2.9398438785271828
347,2.9397444775338406
348,2.9398438680400467
349,2.9398438736115575
350,2.9398438786428396
351,2.939843878078787
352,2.939843871800781
353,2.939843873888838
354,2.9398439519934048
355,2.9398432950157374
356,2.939799031581081
357,2.939838190711568
358,2.9398434273285905
359,2.9398443760366413
360,2.939838420869607
361,2.939878100876263
362,2.9398387477509975
363,2.939839510192896
364,2.9398433840091376
365,2.9398438770877644
366,2.939843879543011
367,2.9398429759625007
368,2.939843762496267
369,2.9398429314235286
370,2.9398439257523257
371,2.939843873911574
372,2.9398438753687697
373,2.9398438624623324
374,2.939844127756493
375,2.9398438786727548
376,2.939886209645083
377,2.9398496462120067
378,2.9398438794026442
379,2.9398438761051104
380,2.9398438758171
381,2.939823911909758
382,2.939851109624389
383,2.939848159035913
384,2.9398438934661106
385,2.9398469023243545
386,2.9446717879673283
387,2.9398435719919362
388,2.9398219084663637
389,2.939844002569368
390,2.9398442524791757
391,2.9398438058664937
392,2.9399212780056234
393,2.9398519915902597
394,2.9398442561428126
395,2.939843878295206
396,2.9398386905558156
397,2.9398437274405684
398,2.9398434582203152
399,2.9398439004078747
400,2.9398438808207037
401,2.9398439348930383
402,2.9398438779617293
403,2.9398438699520333
404,2.9398478344939893
405,2.94017633164174
406,2.939843868325143
407,2.939843872648318
408,2.9398429005798405
409,2.939843881692056
410,2.9398438827910853
411,2.9398438743891084
412,2.9399161617089384
413,2.93984388501541
414,2.939843878742775
415,2.9398438772266045
416,2.9398438139558443
417,2.939752934213655
418,2.9398438829942557
419,2.9398432513221304
420,2.9398438461787633
421,2.93984387628004
422,2.9398429280573173
423,2.9398394694941636
424,2.9398438793010824
425,2.9398380417389154
426,2.9398438773988267
427,2.9398447594729027
428,2.9398438779962786
429,2.9398438730067773
430,2.939843880326192
431,2.9398438928341633
432,2.9434414664120228
433,2.939843907640604
434,2.939843883546947
435,2.939843877054544
436,2.9398438778243787
437,2.9398438777118945
438,2.939843875749384
439,2.939843886145812
440,2.9398438966783793
441,2.939873429473862
442,2.9398438794459363
443,2.9398438735830656
444,2.939843878288028
445,2.9398438728343654
446,2.939843875842324
447,2.9398438703177625
448,2.9398438708337777
449,2.9398438747377584
450,2.9398438763479344
451,2.9398438759732586
452,2.939843873720454
453,2.9398438743750583
454,2.939843890306902
455,2.9398438781161556
456,2.939843876459653
457,2.939843892629473
458,2.939843874166845
459,2.9398438730222316
460,2.9398438751909697
461,2.939843871070158
462,2.9398438759706784
463,2.9398438746321736
464,2.939843870641531
465,2.939843840555208
466,2.9398439055068386
467,2.939843875563728
468,2.9398438769662016
469,2.939843877104984
470,2.9398438738218795
471,2.939843880598776
472,2.9398438766329216
473,2.939843861461539
474,2.9398438777393583
475,2.9398438803027465
476,2.9402963716336967
477,2.9399658545092646
478,2.939843881208766
479,2.9398439485774484
480,2.939843877991418
481,2.9398438386933767
482,2.939843878319437
483,2.9398438736243113
484,2.940073287338552
485,2.9398438878859143
486,2.9399545979122412
487,2.9398438775134617
488,2.9398438759763788
489,2.9398438459157656
490,2.9398444116515985
491,2.939843898323389
492,2.9398570603199667
493,2.9398434612740196
494,2.939843176142786
495,2.9398442253211416
496,2.9398441806486666
497,2.9398418329297655
498,2.939843879395007
499,2.939843876274277
500,2.9398438763705044
501,2.939843874925059
502,2.939843876979716
503,2.9398438762742964
504,2.9399568100123084
505,2.9398447609408827
506,2.9398438699622327
507,2.939843874244746
508,2.9402370164997635
509,2.9398438775156586
510,2.939844003589563
511,2.9396510599635444
512,2.939843875426332
513,2.939843873030247
514,2.9398438727002953
515,2.9398438764438057
516,2.939843879596892
517,2.939843878150849
518,2.9398438758074694
519,2.9398438752939824
520,2.9398438758704217
521,2.9398438740442594
522,2.9398438697692413
523,2.9398438719502744
524,2.9398438773056177
525,2.939843877457095
526,2.9398403727999005
527,2.939843877927589
528,2.9398438743749797
529,2.939843877077821
530,2.9398438727177627
531,2.93976545160838
532,2.9367935628167796
533,2.939843875670379
534,2.940762198540463
535,2.939917046348636
536,2.9398438679856733
537,2.939843871356274
538,2.9398390695318812
539,2.9398490307994805
540,2.939844195402988
541,2.9398439941761376
542,2.9398438757982355
543,2.93984387130742
544,2.939843853111873
545,2.9398440862370476
546,2.939758364572041
547,2.939829886809154
548,2.9399774818719204
549,2.9398656985713307
550,2.939926226278083
551,2.9400883397552695
552,2.9398422474574444
553,2.940160106714
554,2.939840911837285
555,2.939862326911445
556,2.9398438755070107
557,2.939834934346095
558,2.93984389826421
559,2.9398292521407954
560,2.939847440704957
561,2.9401110089495064
562,2.93984411809693
563,2.939844345544723
564,2.9398438767941184
565,2.9398438648300953
566,2.9398438748250304
567,2.9398438981725157
568,2.939844665110533
569,2.9398395784714015
570,2.939843876618415
571,2.9398458419888116
572,2.939843881208401
573,2.939843184016225
574,2.939843877393897
575,2.939843874764925
576,2.9398438724785296
577,2.9398438694778557
578,2.939843931109527
579,2.9398438757853262
580,2.939843873606707
581,2.9398438750226217
582,2.9398438740157724
583,2.939843873252208
584,2.939843873088063
585,2.9398438767294124
586,2.93984387280633
587,2.9398469744075713
588,2.9398438723329945
589,2.939843876405617
590,2.9398438751761975
591,2.939843871264759
592,2.939843876368496
593,2.939843877296662
594,2.939843873413174
595,2.939843872305119
596,2.939842862441445
597,2.9398480177817454
598,2.9398438109287643
599,2.9398438758607752
600,2.9398438096939277
601,2.939843877756748
602,2.939843873366118
603,2.9398402512272828
604,2.9398438354567853
605,2.9398440961664156
606,2.9398438766310266
607,2.9398438793830235
608,2.9398438788952665
609,2.939843870178908
610,2.939843865441865
611,2.939848708412018
612,2.9398438770245456
613,2.9398438796600628
614,2.9398438769426183
615,2.9398438722006013
616,2.9398438806644283
617,2.9398438742082447
618,2.9398438807182012
619,2.9398438710268517
620,2.939843873318914
621,2.9398438753617535
622,2.939843964542606
623,2.9398521329350165
624,2.9398516665453243
625,2.9398534395389215
626,2.939843907416774
627,2.9398439970428933
628,2.9398435326671732
629,2.9398436843530162
630,2.9398444908231602
631,2.9398479488096907
632,2.9398438655087102
633,2.9396263715484228
634,2.939824277959375
635,2.9398381707144323
636,2.9398420018709834
637,2.9398438821668127
638,2.939843871822225
639,2.9398490226658125
640,2.940002099443824
641,2.9398437312222683
642,2.9398438720377116
643,2.939843879471511
644,2.9398438778387974
645,2.9398438860181084
646,2.939843880908162
647,2.9398438768789465
648,2.93984387803104
649,2.9398439035709596
650,2.9398438757455785
651,2.939843874066065
652,2.9398438733053687
653,2.939843877469526
654,2.939843876669319
655,2.9398438771182778
656,2.939843869597231
657,2.9398438726323417
658,2.939843878787907
659,2.9398438734353753
660,2.9398438786827814
661,2.939843869665867
662,2.9398438756933003
663,2.9398438738816886
664,2.9398438797125355
665,2.9398438771569206
666,2.9398438766683186
667,2.9398438773968323
668,2.939843875376653
669,2.9398438940023213
670,2.9402042536754105
671,2.9397916145408454
672,2.9398438756650562
673,2.939843858572362
674,2.939843876817432
675,2.939844069260464
676,2.9399376599471814
677,2.9398438719581677
678,2.939843873658393
679,2.939852224287244
680,2.939843879957942
681,2.9398438752831377
682,2.939843875178641
683,2.9398438370196183
684,2.9398438793895907
685,2.9398438760632635
686,2.939843872741212
687,2.9398438783594476
688,2.9398438769624162
689,2.9398438737746924
690,2.939843910119894
691,2.939843823013765
692,2.939843877766729
693,2.939843880712437
694,2.9398438719888955
695,2.9398438783355583
696,2.9398438777271374
697,2.9398438779885945
698,2.939843879125367
699,2.939843880185786
700,2.9398438756355807
701,2.9398438757959298
702,2.9398438790985146
703,2.9398438739065553
704,2.939843881048503
705,2.939843874034557
706,2.9398438735169234
707,2.9398438782287046
708,2.9398438771767132
709,2.939843875006126
710,2.9398438774770552
711,2.9398438802246907
712,2.9398438746322237
713,2.9395816662651884
714,2.939843871648273
715,2.939843877523229
716,2.9398438750997578
717,2.939843875239046
718,2.9398438767010164
719,2.93984387866737
720,2.9398438739989765
721,2.9398438742465123
722,2.939843878139137
723,2.9398421728792816
724,2.93989215250744
725,2.9397245618496926
726,2.9398438733608616
727,2.939843872915436
728,2.9398438756886502
729,2.93984387849527
730,2.9398438726784093
731,2.939843878394699
732,2.939843875299063
733,2.9398438730527343
734,2.939843876102787
735,2.939843871422223
736,2.939843873680765
737,2.9397131586487393
738,2.9397484481737006
739,2.939843902135524
740,2.939842887959029
741,2.9398438729213696
742,2.939843877233712
743,2.9398438706484584
744,2.9398439662913916
745,2.939843848421936
746,2.9398438774843267
747,2.939843739897859
748,2.9398438733536425
749,2.939843769841784
750,2.9398438820608366
751,2.9398434339201884
752,2.9398429273608193
753,2.9398438772187276
754,2.9398438762906296
755,2.9398438779771516
756,2.9398438764367922
757,2.939843882260684
758,2.939843877392846
759,2.939843875182364
760,2.939844179509571
761,2.9398438809688847
762,2.9398438798458826
763,2.9398385069011197
764,2.9398439076466074
765,2.939843872057859
766,2.9398438711114796
767,2.9398438739876336
768,2.939843874181702
769,2.939843872932068
770,2.939843871439461
771,2.9398438764183914
772,2.939843322533019
773,2.939843873020788
774,2.9398438744429045
775,2.9398448235599735
776,2.939853321168615
777,2.9398438807460288
778,2.9398454730993815
779,2.939843850387016
780,2.939839944407631
781,2.939848099217685
782,2.939843605984843
783,2.939910490418685
784,2.9398491425012563
785,2.9400123144828987
786,2.939843270542932
787,2.9398429364903063
788,2.9397937298068038
789,2.939833034923338
790,2.939359229844073
791,2.939788109051629
792,2.9398439937692
793,2.9398439114007533
794,2.9398438746517113
795,2.9398439008233956
796,2.939844604516769
797,2.9398536398151887
798,2.9398439004230204
799,2.9398439770834526
800,2.9398438794217108
801,2.9398438745675834
802,2.939843880156339
803,2.9398438758049097
804,2.939843874620575
805,2.9398436359005675
806,2.939845087328473
807,2.9398438783091927
808,2.939843872914429
809,2.9399581583973857
810,2.939841627538592
811,2.9398438847627215
812,2.9398439047006666
813,2.939844195758634
814,2.939843488270369
815,2.9398438788143633
816,2.9398434006465703
817,2.939843875414996
818,2.9398438796081336
819,2.939843871487394
820,2.939843872525714
821,2.939843711026883
822,2.9398438744100117
823,2.939843873171004
824,2.9398438791185235
825,2.939843869873033
826,2.9398314345420253
827,2.9398437798369246
828,2.93984598741373
829,2.939851112007292
830,2.9398437944965594
831,2.939835452297619
832,2.939849372258204
833,2.939843751093013
834,2.9398482934400905
835,2.9398478190622166
836,2.9398430455501683
837,2.9398721530591323
838,2.94000245606917
839,2.93983180139707
840,2.9401082760292905
841,2.939838447965968
842,2.9398422490941374
843,2.9397669402612654
844,2.939843998157352
845,2.9398438761284753
846,2.9398438759427465
847,2.939843926013165
848,2.9398604727196456
849,2.9398443599504787
850,2.9398439241064893
851,2.9398445011598984
852,2.9398438935385363
853,2.9398437569183695
854,2.9398437138438407
855,2.9398439530599085
856,2.939844269513093
857,2.9398439084993293
858,2.9398438726841802
859,2.939843902225287
860,2.9398446431336724
861,2.939843920116854
862,2.939843994093213
863,2.93984387898964
864,2.9398438747594273
865,2.939843873995884
866,2.939843872849107
867,2.939843874201918
868,2.93984387861502
869,2.939843872732982
870,2.939824126917506
871,2.939843872732982
872,2.9398438803699776
873,2.939843870721943
874,2.9397350369698647
875,2.939842606239488
876,2.9398432489061106
877,2.9398441138209614
878,2.9398438770983333
879,2.9398437452962125
880,2.9398438291343854
881,2.9398446217863157
882,2.9398439183763725
883,2.9396819717029543
884,2.9398440868412075
885,2.9398438692137563
886,2.9398380787488536
887,2.939843970843966
888,2.939843874309081
889,2.9398438697210127
890,2.9398449113406335
891,2.93985861903965
892,2.9398447570631703
893,2.9398443258310047
894,2.939843919180191
895,2.939844384190149
896,2.9398447346625356
897,2.9398446418632442
898,2.9398442962925
899,2.9398615253566
900,2.939843836766789
901,2.9398285026114497
902,2.9398436728760413
903,2.9398438725275984
904,2.9398438796015083
905,2.939843874295227
906,2.9398438771900737
907,2.939843872224321
908,2.9398438762823984
909,2.939843876424362
910,2.939843871354911
911,2.939843874690914
912,2.939843875025697
913,2.939843875165571
914,2.9398438740143296
915,2.9398438731594077
916,2.9398438744090196
917,2.939843880058916
918,2.939843903199301
919,2.9398438787793286
920,2.9398438766069583
921,2.9398438750688065
922,2.939844208394392
923,2.9398439989480343
924,2.93984387844301
925,2.9398439323953744
926,2.9398438703261034
927,2.9398438787754935
928,2.9398438768059774
929,2.939843871517455
930,2.939843371355873
931,2.9398439015334783
932,2.9398438770623327
933,2.93984295576253
934,2.939843075709224
935,2.9398438668067755
936,2.939828454058775
937,2.9398399719336132
938,2.9398252489805428
939,2.939842726131168
940,2.939841956287136
941,2.9398436979227442
942,2.9398292755102893
943,2.9398438780824807
944,2.939843746736817
945,2.9398434993780485
946,2.9398322182727843
947,2.939808057575002
948,2.9398438271449803
949,2.939843874902041
950,2.939843886207246
951,2.9398380752940825
952,2.9398438253571433
953,2.9398438868633434
954,2.939843874751082
955,2.9398438621210614
956,2.939843275328857
957,2.9398439162084404
958,2.939843876150934
959,2.9398438715363615
960,2.939846066952011
961,2.93984387511158
962,2.9398219048188503
963,2.9398438885444977
964,2.9398665237935764
965,2.9398329841096484
966,2.9398142394590807
967,2.939847000312928
968,2.9398441512147797
969,2.9398445870685195
970,2.9399106534782247
971,2.9398305712390242
972,2.9398438802104243
973,2.9398426577609724
974,2.939843919848338
975,2.939754164864387
976,2.939631746685601
977,2.9398438750844265
978,2.9398438774023052
979,2.939843877683846
980,2.9398438806759133
981,2.9398438747063755
982,2.9398439743303837
983,2.9398438775326583
984,2.939844314846829
985,2.9398463026158366
986,2.9398438752760696
987,2.9398438780569647
988,2.9398438752141924
989,2.939843874925529
990,2.9398438729168688
991,2.9398438752915474
992,2.9398438780670904
993,2.9398439814186816
994,2.9398438736124524
995,2.939843948365043
996,2.9398438766808033
997,2.939843872934127
998,2.9398444896310942
999,2.939843951445271
1000,2.9398438770399573
1001,2.9398438758729695
1002,2.939524825496054
1003,2.9398437080691333
1004,2.9398440203411917
1005,2.939843873228663
1006,2.939843870817753
1007,2.9398438741690276
1008,2.9398438751683784
1009,2.939843873080115
1010,2.9398438745438926
1011,2.939843869713743
1012,2.9398438735419226
1013,2.9398438745664888
1014,2.9398438790738646
1015,2.9398438725763585
1016,2.9398438771913007
1017,2.9398438716199027
1018,2.939843874732136
1019,2.939843876426549
1020,2.939843878273429
1021,2.939843879208706
1022,2.939843879470905
1023,2.939844025421981
1024,2.9398438759066368
1025,2.9398438746919497
1026,2.9398438816214094
1027,2.9398438788633006
1028,2.9398438768740776
1029,2.9398438716095794
1030,2.9398438775094387
1031,2.9398438766276582
1032,2.9398438791090733
1033,2.939843877001382
1034,2.939843873514084
1035,2.9398438744248248
1036,2.939843876944872
1037,2.939843878568127
1038,2.9398438747341062
1039,2.939843879058263
1040,2.9398438768942374
1041,2.9398438764182684
1042,2.9398438754950327
1043,2.9398438766955506
1044,2.939843877108902
1045,2.939843875481831
1046,2.9398438758063525
1047,2.9398438774911364
1048,2.9398438745683118
1049,2.939843871185536
1050,2.9398438708307792
1051,2.9398438750227935
1052,2.9398438778902265
1053,2.9398437735900043
1054,2.9398438755805674
1055,2.939844430556586
1056,2.939844720580641
1057,2.9398438753232883
1058,2.9398438775466427
1059,2.9398438730027414
1060,2.939843870853948
1061,2.9398298592800387
1062,2.939843878639834
1063,2.9398438727989493
1064,2.939843876911299
1065,2.939843880195308
1066,2.939830883372605
1067,2.9398409637823804
1068,2.939843970914695
1069,2.9398447220299664
1070,2.9398479553383097
1071,2.9398438798311366
1072,2.939843874856907
1073,2.9398438762743355
1074,2.939843878923865
1075,2.9398436804898678
1076,2.939844490868901
1077,2.9398436375749792
1078,2.9398430474556863
1079,2.939843875433957
1080,2.9398438799671296
1081,2.9398439145807984
1082,2.9398438687639032
1083,2.939843812795914
1084,2.939843872353414
1085,2.9398438759578913
1086,2.9398439850192872
1087,2.939843878674866
1088,2.939843876644696
1089,2.9398438749246676
1090,2.939844103467119
1091,2.9398438842240213
1092,2.9398443107609173
1093,2.939843904524325
1094,2.9398438736791785
1095,2.9398705747666583
1096,2.9398438782016063
1097,2.939843873851965
1098,2.939843872095196
1099,2.939843872931762
1100,2.939843876504058
1101,2.9398438746398736
1102,2.939843876788593
1103,2.939843874196263
1104,2.939843877472438
1105,2.9398438759360843
1106,2.939843879431629
1107,2.939843875506166
1108,2.9398438768631268
1109,2.939843872713501
1110,2.939843874065738
1111,2.9398438736399033
1112,2.939843873040744
1113,2.9398438757854257
1114,2.939843872619773
1115,2.939843873042524
1116,2.939843870637421
1117,2.9398438750249487
1118,2.939843879903186
1119,2.93984387263363
1120,2.939843878650149
1121,2.9398438763927
1122,2.9398438760488164
1123,2.939843874419833
1124,2.939843872732982
1125,2.939843870205454
1126,2.9398438738454273
1127,2.9398438508034337
1128,2.9398438748232034
1129,2.939843877263514
1130,2.9398438722595333
1131,2.9398438766460173
1132,2.939843869754002
1133,2.93984387541832
1134,2.9398438767390904
1135,2.9398438755918397
1136,2.939843875110717
1137,2.9398438730654584
1138,2.9398438721877302
1139,2.939843872783889
1140,2.9398438758600975
1141,2.93984387046129
1142,2.939843877693092
1143,2.9398438753497005
1144,2.9398438726585514
1145,2.939843875505629
1146,2.939843874559916
1147,2.9398438762783328
1148,2.9398438741794766
1149,2.939843870170449
1150,2.939843877474491
1151,2.9398438774379327
1152,2.9398438748098
1153,2.9398438687552613
1154,2.9398438788060637
1155,2.939843872732982
1156,2.939843874107008
1157,2.939843876342243
1158,2.9398438758845415
1159,2.9398438786314727
1160,2.939843876780642
1161,2.939843878209636
1162,2.939843878078871
1163,2.939843878098793
1164,2.9398438735024595
1165,2.9398438743632034
1166,2.9398438770875175
1167,2.9393260093124316
1168,2.939843910421784
1169,2.939843945797756
1170,2.9398438808312983
1171,2.9398438837361875
1172,2.9398438758496113
1173,2.9398051196745354
1174,2.939844892580389
1175,2.939845688684424
1176,2.9398438582533766
1177,2.939843877799496
1178,2.9398438748840334
1179,2.9398438743310527
1180,2.9398438766015844
1181,2.9398438729553313
1182,2.939841146955498
1183,2.9398438654229957
1184,2.939843877748399
1185,2.9398438748886546
1186,2.9398438734522343
1187,2.9398438765671013
1188,2.9398438711505146
1189,2.9398438727749987
1190,2.9398438759599945
1191,2.9398438650639007
1192,2.9398438765279535
1193,2.9398438764263184
1194,2.939843872688371
1195,2.9398504444532256
1196,2.9398438703951584
1197,2.9398438753120937
1198,2.93984387374573
1199,2.939843876145966
1200,2.939860773532353
1201,2.940144368049533
1202,2.9398438731870615
1203,2.9398437874934933
1204,2.9398438431488048
1205,2.9398438769997353
1206,2.9398842583266425
1207,2.9401198520160055
1208,2.939843872170029
1209,2.9398439011124236
1210,2.9398440739882514
1211,2.9398438752788962
1212,2.939844165916377
1213,2.939843884608046
1214,2.9398439549558475
1215,2.9398438826720006
1216,2.9398438739703656
1217,2.9398294244183707
1218,2.9398438726880856
1219,2.9398438263287856
1220,2.9398410710170073
1221,2.939846798840721
1222,2.939815086427101
1223,2.9398421246255357
1224,2.9398339329596292
1225,2.939843879337742
1226,2.9398438477950872
1227,2.9398438704275884
1228,2.939843874174397
1229,2.939843877523284
1230,2.939852719184569
1231,2.9398438727360205
1232,2.9398438743471074
1233,2.939843872897664
1234,2.9398438740656703
1235,2.9398438735567134
1236,2.939843874963704
1237,2.9398438742947257
1238,2.9398438765034554
1239,2.939843874425237
1240,2.9398438771488595
1241,2.939843880344205
1242,2.939843875378216
1243,2.939843874125065
1244,2.9398438736132517
1245,2.9398438777111835
1246,2.9398438727867044
1247,2.9398438734164296
1248,2.93984387933031
1249,2.939843876421521
1250,2.9398438776294364
1251,2.9398438794783286
1252,2.9398438757388754
1253,2.9398438736628925
1254,2.9398438769473367
1255,2.939843874644171
1256,2.939843874140615
1257,2.9398438780727574
1258,2.9398438738175567
1259,2.939843874333667
1260,2.9398438778327707
1261,2.9398438736660646
1262,2.9398438735310037
1263,2.9398438765178154
1264,2.939843876015589
1265,2.9398438744808804
1266,2.9398438735719794
1267,2.9398438750377105
