reaction_index,Temp 1818.18
0,0.01156686816598108
1,0.011791005867611714
2,0.011783743016722543
3,0.011784850357655308
4,0.011795919254320114
5,0.011791664634045894
6,0.01179167430305926
7,0.011791662661626746
8,0.011791662259468167
9,0.01179166251037395
10,0.011791662661626746
11,0.011791677670450985
12,0.011791712518016386
13,0.011791665296217037
14,0.011791974072374771
15,0.011793960874021585
16,0.011788904112611224
17,0.011792116906539333
18,0.011792990874856435
19,0.011791646143315902
20,0.011791662405380026
21,0.011789716030749816
22,0.011791904435425108
23,0.011791949861390419
24,0.011791731335031948
25,0.011791706368069954
26,0.011791940768818612
27,0.011791060831600166
28,0.011792022548999075
29,0.011791659632488702
30,0.0117916624534398
31,0.011791666033083854
32,0.011791630066833874
33,0.011791889707133052
34,0.011791620820443908
35,0.011787855921307159
36,0.011791662648127187
37,0.01178024233043205
38,0.011791754242424896
39,0.011791662689047782
40,0.011791662651626216
41,0.011769827935665368
42,0.011801181176396097
43,0.011791955681919734
44,0.011791671982224387
45,0.011791765989104173
46,0.01179313181796757
47,0.011791677512516583
48,0.011787659824287571
49,0.011791664438282263
50,0.011791659122850807
51,0.01179165980764894
52,0.01180032745536951
53,0.011790951454183496
54,0.011791636424710265
55,0.011791681916533507
56,0.011791656558203235
57,0.011800555152831542
58,0.011811195480637277
59,0.011794493706224738
60,0.011795410097610438
61,0.011797810850991056
62,0.011792717979261399
63,0.011791028732627905
64,0.011791397210539472
65,0.01179145353836196
66,0.01179168544343025
67,0.011790413984369724
68,0.011770547567246827
69,0.011792316452794618
70,0.011793114379095263
71,0.011792060435481417
72,0.01179156027913872
73,0.01179377637108282
74,0.011791660935234777
75,0.011791675063488993
76,0.011791752457312336
77,0.01179185210076541
78,0.011792281518406906
79,0.01179187150520104
80,0.01179167535369889
81,0.011795062685828228
82,0.011791044376954262
83,0.011793130647868149
84,0.011791842938565082
85,0.01179189552706449
86,0.011791711232523417
87,0.011791659836508168
88,0.011791600663633592
89,0.011791662785000047
90,0.011791662667513126
91,0.011791662943806151
92,0.011807190184461486
93,0.01179174509381192
94,0.011791269448607122
95,0.0117916710971022
96,0.01179172904686106
97,0.01179166319743847
98,0.01179166364261835
99,0.011791668516049394
100,0.01179166264412314
101,0.01179159022774669
102,0.011791655336386991
103,0.0117924662649626
104,0.011791990072377757
105,0.011791687102299745
106,0.011791666559513511
107,0.011791695489326301
108,0.011791634198469108
109,0.011785512839188538
110,0.011791295122637775
111,0.01179165872044345
112,0.011791374702688883
113,0.011791689650003831
114,0.011791512794638196
115,0.01179116536960894
116,0.011791575578208965
117,0.011791662552229838
118,0.011792048825146801
119,0.011791662439339061
120,0.011791662663246596
121,0.011791662566075308
122,0.01179166265067327
123,0.011791695113957631
124,0.01179178392171884
125,0.011791635991195886
126,0.011791676048045477
127,0.011791652142808718
128,0.011791671341572958
129,0.011791660922550564
130,0.011791664020562599
131,0.011791005891971377
132,0.011783743023160199
133,0.01179367071628934
134,0.011791595978347938
135,0.011792387407005245
136,0.01179159805815916
137,0.01179268542875865
138,0.011787595415273683
139,0.01178579542172287
140,0.01177816453361645
141,0.011791869102314211
142,0.011791652961801105
143,0.011791662682868364
144,0.011791664300572045
145,0.011793712925079969
146,0.011791666302490872
147,0.011791645834126311
148,0.01179165964469683
149,0.011791496294886376
150,0.01178867160869749
151,0.011791647538986863
152,0.011791662453226255
153,0.011791662452179092
154,0.011791662614494379
155,0.011791646139570814
156,0.011791662381100913
157,0.011798159897308326
158,0.011792109541168294
159,0.01179171249696296
160,0.011777989352841819
161,0.011793025390849254
162,0.011793258400560142
163,0.011791788655875475
164,0.01179166283412851
165,0.011796346248104755
166,0.011791688894687805
167,0.011790717052662537
168,0.011791706368405555
169,0.011791940769258004
170,0.011783419360746564
171,0.011782585869486994
172,0.011791732558008002
173,0.011791858384459617
174,0.011791750793533184
175,0.011791639302421122
176,0.011791780090411758
177,0.011791676349873876
178,0.011791609587108724
179,0.011731455527148977
180,0.011791754814749098
181,0.011790413094062558
182,0.011791197951892115
183,0.011791732520403128
184,0.011792116152288729
185,0.011791618228280662
186,0.011791662441593633
187,0.011791657485602517
188,0.011791662669775096
189,0.011791662655327322
190,0.01179161256570933
191,0.011791629585526158
192,0.011791703769203138
193,0.011791671205808324
194,0.011791662669792397
195,0.011791663517170802
196,0.011791662627957698
197,0.011791663118629878
198,0.01179166315356603
199,0.011791662670404914
200,0.011791663372795802
201,0.011791689228342403
202,0.011791741777799162
203,0.01179166295831983
204,0.011791662652750928
205,0.011791662688537074
206,0.01179166278717645
207,0.01179166265158193
208,0.011791662672923043
209,0.011791697128604001
210,0.011791662663708468
211,0.011791662659467128
212,0.011791662637387568
213,0.011791662666190313
214,0.011791662659926868
215,0.011791662679589658
216,0.011791662662911878
217,0.011791662655426291
218,0.011791662679494889
219,0.011791662658141437
220,0.011791662658475642
221,0.01179166265540052
222,0.011791662669283949
223,0.011791662662317423
224,0.011791662664366103
225,0.011790504032585965
226,0.01179165964872697
227,0.011819158639383683
228,0.011791509881694522
229,0.011795216179448998
230,0.011791652996193225
231,0.011791867607315772
232,0.011791662787957236
233,0.011791642374169142
234,0.01179166525914255
235,0.011791662665659938
236,0.011791663375883821
237,0.011791662607911658
238,0.011791662805197799
239,0.0117917197686823
240,0.0117916654714383
241,0.011791662661630058
242,0.011790408827824986
243,0.01179165800257879
244,0.01182494807399925
245,0.011790961537527084
246,0.01179546623731019
247,0.011791650320851685
248,0.011791829122492294
249,0.01179166264777139
250,0.011791662754704871
251,0.011780216937262406
252,0.011790926965901994
253,0.011791666556149612
254,0.011791662664194295
255,0.011791668997576882
256,0.011791662654719448
257,0.011791662734383632
258,0.011791688314453671
259,0.0117916651229503
260,0.011791662659079829
261,0.011791686557931528
262,0.011791644172510463
263,0.011791633044743984
264,0.01179202519675769
265,0.011791662661626746
266,0.011791932232723878
267,0.011791795558775317
268,0.01179167913973348
269,0.011789706963651515
270,0.011791270852159806
271,0.011791679381702004
272,0.01179199984623358
273,0.011792032115306212
274,0.011792132605248471
275,0.011791873148566142
276,0.011792835275816016
277,0.011795817087418843
278,0.01179166266345538
279,0.011791662659390382
280,0.01179166618393474
281,0.011791664629715244
282,0.011791665278747246
283,0.011791666164936453
284,0.01179166773389911
285,0.011791671770447062
286,0.01179166263838299
287,0.01179166268272455
288,0.011791665368788062
289,0.011791665187967234
290,0.011791663857768926
291,0.011791729259996346
292,0.011791766548745454
293,0.011792516166698653
294,0.011791661790224558
295,0.011791662660824324
296,0.011791662673842903
297,0.011791662639616214
298,0.011791664688542359
299,0.011791664372870407
300,0.011791908905624683
301,0.01179187154993279
302,0.011792315928170254
303,0.011791601909132081
304,0.011791724301388858
305,0.01179166265643987
306,0.011791662663009402
307,0.011791666245026793
308,0.011791662666766354
309,0.011791662663192235
310,0.011791662658004087
311,0.011791662661626746
312,0.011791662661626746
313,0.011791785632136044
314,0.011791896120176348
315,0.011791662662839687
316,0.011791662661626746
317,0.011791662661626746
318,0.011791662661626746
319,0.011791662661626746
320,0.011791662661626746
321,0.01179166374232972
322,0.011791661628289436
323,0.011792053729729633
324,0.011791686444327645
325,0.011791660181610642
326,0.01179190415795374
327,0.011791337069790887
328,0.011793145615548223
329,0.011791619728634737
330,0.011791711656517741
331,0.011791069784652185
332,0.011791663245926941
333,0.011791662661110789
334,0.011791541154819415
335,0.011791661259180602
336,0.011791642542075244
337,0.011791663403551611
338,0.011791662668739515
339,0.011797415271820998
340,0.011791697895869356
341,0.011791660932965452
342,0.011792963596407805
343,0.01179121694935841
344,0.011791762646665436
345,0.011791661876955697
346,0.011791359915539269
347,0.01179166348248699
348,0.01179166082532717
349,0.011791662856121272
350,0.01179166280642759
351,0.011791703303457432
352,0.011791664459185572
353,0.011791663243329819
354,0.011791662657884986
355,0.011791662410151926
356,0.011791662711097268
357,0.011791662661626746
358,0.011791662661626746
359,0.011791662661626746
360,0.011791662661626746
361,0.011791662661626746
362,0.011791662661626746
363,0.011791666231399201
364,0.011791665278173895
365,0.011791662665482974
366,0.011791662662777301
367,0.011791662670897728
368,0.011791662670976252
369,0.011791662662188652
370,0.011791662640929774
371,0.01179166263583474
372,0.011791662661626746
373,0.011791662662154324
374,0.011791662666428868
375,0.011791662615740509
376,0.011791662669347195
377,0.011791662661626746
378,0.011794702368734696
379,0.01181865960539578
380,0.011791662643365761
381,0.011791662849418743
382,0.011791667481137597
383,0.011791662646440222
384,0.011791662661668943
385,0.011791662659408909
386,0.011791662657385694
387,0.011791570950281575
388,0.011791591272527572
389,0.011791662661626746
390,0.01179166520477665
391,0.011791662651404376
392,0.011791662843328408
393,0.011791662626322575
394,0.011791663105956142
395,0.011791662666513865
396,0.011791662631370247
397,0.011791662671737934
398,0.011791662638294174
399,0.011791662667411421
400,0.011791671812558817
401,0.011791662640929056
402,0.011791662633824222
403,0.011791662669176554
404,0.011791662671326081
405,0.011791662681548732
406,0.011788460199364541
407,0.011789758322367973
408,0.011791450816069584
409,0.011791703958950423
410,0.011791513349075926
411,0.01179166316732621
412,0.011791673710977942
413,0.011791663184566436
414,0.011791750604125257
415,0.011791662521693664
416,0.011791662633368881
417,0.01179165789821703
418,0.011791662648333662
419,0.011791655267956157
420,0.011791662888902169
421,0.011791621544596719
422,0.011791646166551198
423,0.01179166250972166
424,0.011791662646976338
425,0.011791662632770953
426,0.011791662610048348
427,0.01179166699825724
428,0.011791662716166766
429,0.011791665890414738
430,0.011791662659627828
431,0.01179166353215994
432,0.011791663426248178
433,0.011791614989167205
434,0.011791662652655431
435,0.01179166403892181
436,0.011791662662561717
437,0.01179166265117902
438,0.01179166265843305
439,0.011791662632758262
440,0.011791662668778886
441,0.01179166263487602
442,0.011791662674363046
443,0.011791662665560193
444,0.01179166266189068
445,0.011791662658605692
446,0.011791662661956413
447,0.01179166265912066
448,0.011791662671436286
449,0.011791662661626746
450,0.011791662661626746
451,0.011791662661896801
452,0.011791662661626746
453,0.011792382377729707
454,0.011791662616748555
455,0.011791662652163932
456,0.011791662666286331
457,0.011791662665117058
458,0.011791662657421017
459,0.011791662667871544
460,0.011791662670296932
461,0.011791662657679154
462,0.011791662661626746
463,0.011791662661626746
464,0.011791662668038175
465,0.011791662622928724
466,0.011791662663593697
467,0.011791662661626746
468,0.011791662661626746
469,0.011791662661487347
470,0.011791662659048414
471,0.011791662661626746
472,0.011791662663266604
473,0.011791662627990565
474,0.011791662661176577
475,0.011791662669156431
476,0.011791662526555929
477,0.011791662194337294
478,0.01178788828447372
479,0.011790864869005775
480,0.011799629670631084
481,0.011792629787171173
482,0.01179261459896654
483,0.011801167428417922
484,0.011791654048993995
485,0.011805035498528784
486,0.011791647001579196
487,0.011791928741298372
488,0.011791662751783515
489,0.011791562497530376
490,0.011791663980179888
491,0.011791617501307923
492,0.0117920488166748
493,0.01179166265682568
494,0.01179167978156075
495,0.011791681037623444
496,0.01179167977372118
497,0.011791662661626746
498,0.011791662655130075
499,0.011791665755489204
500,0.011791727742644158
501,0.011791661739494289
502,0.011791693196658
503,0.011792320250636574
504,0.011791663370361404
505,0.011791662603828102
506,0.01179166267356304
507,0.011791662655351472
508,0.011791662651792685
509,0.011791662652081196
510,0.011791662678164835
511,0.011791674104724424
512,0.011791662609980793
513,0.01179166265770593
514,0.011791662663730187
515,0.011791662623680525
516,0.011791662638599923
517,0.01179166267710478
518,0.011791662689144907
519,0.011791662661954569
520,0.011791662666912605
521,0.01179166268097612
522,0.01179166514439122
523,0.011791662656725706
524,0.011791662665351518
525,0.011791662722996967
526,0.011791662655845461
527,0.011791662660924719
528,0.011791662625826548
529,0.011791662665419596
530,0.011791662652929353
531,0.011791662663819294
532,0.011791662678228508
533,0.011791570104062284
534,0.011791822575029335
535,0.011791659519241476
536,0.011791650896863072
537,0.011791662740270655
538,0.011791660696375455
539,0.011791672295459736
540,0.011791662730250839
541,0.011791662633061435
542,0.011791662638406739
543,0.01179166268583526
544,0.011791662668666065
545,0.011791662657094281
546,0.011791662661308632
547,0.011791662661626746
548,0.011791662661102063
549,0.011791662653957955
550,0.011791662661626746
551,0.011791662661626746
552,0.011791662661626746
553,0.011791662661626746
554,0.011791662661626746
555,0.011791662661626746
556,0.011791662661626746
557,0.011791662661626746
558,0.011791662661626746
559,0.011791662661626746
560,0.011791662661626746
561,0.011791662661626746
562,0.011791662661626746
563,0.011791662661626746
564,0.011791662661626746
565,0.011791662661626746
566,0.011791662661626746
567,0.011791662661626746
568,0.011791662661626746
569,0.011791662661626746
570,0.011791662661626746
571,0.011791662661626746
572,0.011791662661626746
573,0.011791662661626746
574,0.011791662661626746
575,0.011791662661626746
576,0.011791662669404832
577,0.011791662665092306
578,0.011791662664902286
579,0.011791662663718684
580,0.011791662655975981
581,0.011791662661626746
582,0.011791662662567159
583,0.011791662657681752
584,0.011791662661626746
585,0.011791662657814436
586,0.011791662661626746
587,0.011791662664239737
588,0.011791662661626746
589,0.011791662661626746
590,0.011791662661626746
591,0.011791662663062662
592,0.01179166266058864
593,0.011791662669313004
594,0.011791662661626746
595,0.011791662661626746
596,0.011791662629394715
597,0.011791662635175261
598,0.01179166262973787
599,0.01179166262274675
600,0.011792932677457001
601,0.011792429029070604
602,0.011791866851592248
603,0.011791664306535957
604,0.011791675378273837
605,0.011791662071552047
606,0.011791662333902027
607,0.0117917127389769
608,0.01179175147642003
609,0.011791662656657612
610,0.011786499485884673
611,0.011791079065566394
612,0.011791657443558772
613,0.011791660557168987
614,0.011791662655179362
615,0.011791729479000252
616,0.011791662050910588
617,0.011791662660113411
618,0.011791662680800652
619,0.011791662685007833
620,0.011791662637088175
621,0.011791662661626746
622,0.011792091077427165
623,0.011791667099624892
624,0.011791673220697806
625,0.011791664511879352
626,0.011791662705287248
627,0.011791662667642144
628,0.011791662618208514
629,0.011791662655279714
630,0.011791662663895367
631,0.01179166266394772
632,0.011791662543915716
633,0.011791662671366476
634,0.011791662744282966
635,0.011791662667546622
636,0.011791662655522906
637,0.011791662635319567
638,0.011791662656788257
639,0.011791662661957086
640,0.011791662667009184
641,0.011791662605493507
642,0.011791662677621415
643,0.011791662670940693
644,0.011791662618383596
645,0.011791662646762725
646,0.01179166262791932
647,0.01179166267136711
648,0.011791662637088493
649,0.011791662666464697
650,0.011791662665150204
651,0.011791662642583722
652,0.011791662663418918
653,0.011791662680259479
654,0.011791662661626746
655,0.011791662664143752
656,0.011791662661626746
657,0.011791662692171597
658,0.011791662862125156
659,0.011791662660763537
660,0.011791662616949772
661,0.011791662678615346
662,0.011791662667467551
663,0.011791662680291174
664,0.011791662672570842
665,0.011791662513622389
666,0.011791662677226426
667,0.011791662621949006
668,0.011791662720501379
669,0.011791662554822193
670,0.011791662667285227
671,0.011791662663350197
672,0.011791662361666467
673,0.011791662641060444
674,0.01179166267645107
675,0.011791662698745512
676,0.011791662649057006
677,0.011791662645791155
678,0.011791662638949563
679,0.011791662706940256
680,0.011791669907983976
681,0.011791403855891055
682,0.01179169957155767
683,0.011791662554570679
684,0.011791635975526162
685,0.011791624898451447
686,0.011791563333990122
687,0.011791622972320717
688,0.011791825017850756
689,0.011791662647761655
690,0.011791662633290316
691,0.011791662642165607
692,0.01179166262837208
693,0.011791662661719542
694,0.011791662631684888
695,0.011791658026811789
696,0.01179166267138136
697,0.011791662673003795
698,0.011791662670987982
699,0.011791662673716303
700,0.01179166266834073
701,0.011791662645783844
702,0.0117916670297326
703,0.011791662660359515
704,0.011791662661626746
705,0.011791662661626746
706,0.011791662644862432
707,0.011791662654302855
708,0.011791662665463746
709,0.011791662796646035
710,0.011791662644317823
711,0.011791662620116907
712,0.011791662665406792
713,0.011791662691632182
714,0.011791662613132758
715,0.011791662654434458
716,0.011791662608711279
717,0.011791662647401429
718,0.01179166265214203
719,0.011791662661626746
720,0.011791662681700715
721,0.011791662681444432
722,0.011791662677932918
723,0.011791662564203987
724,0.011776253219639267
725,0.01179166267307014
726,0.011791662622632202
727,0.01179166267018156
728,0.01179166266083391
729,0.011791662658221593
730,0.011791662642242953
731,0.011791662678383512
732,0.01179166266335009
733,0.01179166268237303
734,0.011791662644915565
735,0.011791662624294838
736,0.011791662665051371
737,0.011791662661626746
738,0.011788983960806472
739,0.011791662661626746
740,0.011791676243876125
741,0.011791766929253846
742,0.011773761029857338
743,0.011791014685088105
744,0.011791634774700705
745,0.01179166685591051
746,0.011791665451473674
747,0.01179165254685746
748,0.011791657256097095
749,0.01179170473949556
750,0.011791683673586711
751,0.01176460646559399
752,0.01179188359092667
753,0.011791661268371098
754,0.011790550883193548
755,0.011791679745380123
756,0.0117916845773914
757,0.011791673767591073
758,0.011790990484628222
759,0.011794368494687292
760,0.011791740001912203
761,0.011791691483573848
762,0.011791665215823458
763,0.011791723347416875
764,0.011791816591368612
765,0.01179183039740801
766,0.01179179020967203
767,0.011791581327043327
768,0.011789909785616913
769,0.011791643532310696
770,0.011791662656995421
771,0.011791662717681718
772,0.01179166260849557
773,0.01179166266914461
774,0.01179166265411604
775,0.011791662643000014
776,0.011791662664909223
777,0.011791662641569231
778,0.011791662631994966
779,0.011791662657929131
780,0.011791663915607235
781,0.011791663942969774
782,0.011791662679614926
783,0.01179166266532335
784,0.011791662633886214
785,0.011791687522803403
786,0.011791663354382585
787,0.011791662668376094
788,0.011791662683454765
789,0.011791662669312674
790,0.011791675995341777
791,0.011791669969914324
792,0.011791662953247146
793,0.01179166266414556
794,0.011791662646200395
795,0.011791662661626746
796,0.011791662654061652
797,0.011791662647390747
798,0.01179166262042169
799,0.011791662669891054
800,0.011791662630846148
801,0.011791662659957989
802,0.01179166268529046
803,0.011791662691932657
804,0.01179153892510133
805,0.011791668796533167
806,0.01179166734883465
807,0.011791662591329199
808,0.011791662652496798
809,0.011791662607864484
810,0.011791662662362328
811,0.011791662675395725
812,0.01179166266283905
813,0.011791598338914695
814,0.011791662650824191
815,0.011791662576370012
816,0.01179166264563507
817,0.01179166266399356
818,0.011791662654806051
819,0.0117916626991801
820,0.011791662667248418
821,0.011791662156141466
822,0.011791662662349179
823,0.011791662695959104
824,0.011790968021905475
825,0.011791662666478466
826,0.01179166247718076
827,0.011791651953904808
828,0.011791731252355914
829,0.01179015697021676
830,0.011791287131653708
831,0.011791620897971809
832,0.011791662678341249
833,0.011791662666626762
834,0.011791662563055819
835,0.011791662637477983
836,0.01179166267107588
837,0.01179168923140693
838,0.01179166267538477
839,0.011791662699746531
840,0.011791662687636529
841,0.011791662659319295
842,0.01179166262404143
843,0.011791662658692586
844,0.011791662655170397
845,0.011791662671043963
846,0.011791662684665652
847,0.011791662664622825
848,0.011791662661724146
849,0.01179166266750716
850,0.011791662653969224
851,0.011791662682665316
852,0.011791662614426797
853,0.01179166264534579
854,0.011791662650347144
855,0.011791662661626746
856,0.011791662686132685
857,0.011791662637120533
858,0.011791662679899529
859,0.01179166266531065
860,0.011791662664146059
861,0.011791662652927136
862,0.011791662660568936
863,0.011791662663713438
864,0.01179166266157129
865,0.0117916468806102
866,0.011791492553164624
867,0.011791662654536949
868,0.011791676129944646
869,0.011791662610771645
870,0.011791662594407374
871,0.011791677458915423
872,0.011791681841475356
873,0.01179166284904013
874,0.011791662837075905
875,0.011791656256523498
876,0.011791737177632782
877,0.011791733905583354
878,0.01179166220746025
879,0.011791661714702207
880,0.011793148880556688
881,0.011792170230169294
882,0.011792038991423465
883,0.011793019391764753
884,0.011793792271402925
885,0.011792772220219159
886,0.011791661836158669
887,0.011791662670905305
888,0.011791711760108604
889,0.011791114095422772
890,0.01179177129369616
891,0.011791430410910525
892,0.011790194716598503
893,0.011792369585867492
894,0.011791663725753212
895,0.0117916653062333
896,0.01179166265402548
897,0.011791663338054302
898,0.0117916749423841
899,0.01179166387168269
900,0.011791662659864857
901,0.011791662425776376
902,0.011791663157954654
903,0.011791663714415831
904,0.011791662674481165
905,0.011791662632983091
906,0.011791662661626746
907,0.01179166265375417
908,0.011792200749751135
909,0.011791666065859529
910,0.01179166523703425
911,0.011791662638450141
912,0.011791663306233362
913,0.011791663514847386
914,0.011791663730622903
915,0.011791662680325252
916,0.011791662752851866
917,0.011791675862707034
918,0.011791662650968532
919,0.01179166266685563
920,0.011791662678916117
921,0.011791662625591642
922,0.011791662546889287
923,0.011791662661626746
924,0.011791659582905017
925,0.01179166176051522
926,0.011791688076607647
927,0.011791662661611689
928,0.011791662661048917
929,0.011791662655589766
930,0.01179166267190142
931,0.01179166267156299
932,0.011791662648728544
933,0.011791662621488319
934,0.011791662474379488
935,0.011791662554533275
936,0.011791662658864622
937,0.011791662622327824
938,0.01179166292100021
939,0.011791663698835029
940,0.011791662650861056
941,0.011791662661946476
942,0.011791662657484225
943,0.011791662645405784
944,0.01179166270406672
945,0.011791662693901946
946,0.011791662674778582
947,0.011791662623192518
948,0.011791662667812442
949,0.011791662661036595
950,0.0117916626490373
951,0.01179166266095533
952,0.011791662667556678
953,0.011791662682672193
954,0.011791662664818596
955,0.011791662663880265
956,0.011791662657698689
957,0.011791662661068212
958,0.011791662659490236
959,0.011791662663204843
960,0.011791662662503023
961,0.011791662665009169
962,0.011791662661626746
963,0.011791662659964314
964,0.011791662661375211
965,0.011791662660410237
966,0.011791662662732183
967,0.011791662663142466
968,0.011791662662065707
969,0.011791662666300832
970,0.011791662661626744
971,0.011791662661626746
972,0.011791662663368124
973,0.011791662661626746
974,0.011791662664227305
975,0.011791662661626746
976,0.01179166265432385
977,0.011791662654726509
978,0.011791662665261651
979,0.011791662661282086
980,0.011791662659972266
981,0.011791662661626746
982,0.011791662661626746
983,0.011791662661626746
984,0.011791662661626746
985,0.011791662652107035
986,0.011791662661626746
987,0.011791662661626746
988,0.011791662673129078
989,0.011791662661626746
990,0.011791662644270834
991,0.011791662680019402
992,0.011791662660652503
993,0.011791662661549102
994,0.011791662660300744
995,0.011791662661626746
996,0.011791662661626746
997,0.011791662661626746
998,0.011791662661626746
999,0.01179166266058864
1000,0.011791662661626746
1001,0.011791662665083103
1002,0.011791662661034626
1003,0.011791662657837772
1004,0.011791662659985283
1005,0.011791662650470285
1006,0.011791662663705035
1007,0.011791662660943806
1008,0.011791662661626746
1009,0.011791662661626746
1010,0.011791662661626746
1011,0.011791662661469159
1012,0.011791662661626746
1013,0.011791662687815686
1014,0.011790443712078911
1015,0.01179164946736493
1016,0.011791695855448231
1017,0.011792189292910605
1018,0.011791662652415111
1019,0.011791933293316669
1020,0.011791662670707189
1021,0.011791662654810393
1022,0.011791662661626746
1023,0.011791662661626746
1024,0.011791662663418799
1025,0.011791662645658237
1026,0.011791662679949853
1027,0.011791662661483926
1028,0.011791662653717836
1029,0.011791662658346268
1030,0.011791662640850882
1031,0.011791662663783899
1032,0.011791662669827873
1033,0.011791662659330784
1034,0.011791662645383878
1035,0.011791662659111489
1036,0.011791662659227882
1037,0.011791662657207267
1038,0.01179166264007884
1039,0.011791662663623283
1040,0.011791662659490922
1041,0.011791662662486714
1042,0.011791662660287791
1043,0.01179166266202379
1044,0.011791662661626746
1045,0.011791662661626744
1046,0.011791662661626746
1047,0.01179166266280257
1048,0.011791662662491131
1049,0.011791662661626746
1050,0.011791662663272718
1051,0.011791662661626746
1052,0.011791662661066757
1053,0.011791662661143443
1054,0.011791662664193209
1055,0.011791662661626746
1056,0.011791662662539162
1057,0.011791662663362784
1058,0.011791662661626746
1059,0.011791662668754392
1060,0.011791662661626746
1061,0.011791662661626746
1062,0.011791662661626746
1063,0.011791662661626746
1064,0.011791662661626746
1065,0.011791662661626746
1066,0.011791662661626746
1067,0.011791662661626746
1068,0.011791662661626746
1069,0.011791662661626746
1070,0.011791662661626746
1071,0.011791662661626746
1072,0.011791662661626746
1073,0.011791662679469439
1074,0.011791662663846007
1075,0.011791662660968583
1076,0.011791720811420273
1077,0.011791662673027767
1078,0.011791674647911936
1079,0.01179167951113817
1080,0.01179189584030007
1081,0.011791934697634789
1082,0.011791668344681445
1083,0.01179166264552098
1084,0.011791662648310428
1085,0.011791731799331911
1086,0.011791662718040165
1087,0.011791938627960467
1088,0.011791753856893092
1089,0.011791675354581551
1090,0.011791662633021942
1091,0.011791662670551466
1092,0.011791662675944408
1093,0.011791621219930156
1094,0.011791659481339034
1095,0.011791662549473173
1096,0.011791662661650791
1097,0.011791662668169762
1098,0.01179166266145506
1099,0.011791662664128469
1100,0.011791662634708202
1101,0.01179166269253529
1102,0.011791662648629634
1103,0.011791662642431443
1104,0.011791662661906711
1105,0.011791662661851257
1106,0.01179166266984104
1107,0.01179166013915263
1108,0.01179166260420005
1109,0.011791662670072285
1110,0.011791662681415052
1111,0.011791662670863796
1112,0.01179166266425632
1113,0.011791662713151414
1114,0.011791662676493123
1115,0.011791662691306408
1116,0.01179166266519803
1117,0.011791662683385315
1118,0.011791662652102639
1119,0.011791662661626746
1120,0.011791662661626746
1121,0.011791662661970764
1122,0.011791662615706628
1123,0.011791662642605201
1124,0.011791662382127545
1125,0.011791662217394213
1126,0.011791662650899658
1127,0.01179166268815147
1128,0.011791662650724183
1129,0.011791662533084111
1130,0.01179166431612453
1131,0.011791662670844142
1132,0.011791662666316649
1133,0.011791662660425686
1134,0.011791662658430159
1135,0.011791662618743167
1136,0.011791662708869534
1137,0.011791662614727619
1138,0.011791662653703424
1139,0.011791662643892769
1140,0.011791662660588642
1141,0.011791662661721674
1142,0.01179166266273787
1143,0.011791662663997088
1144,0.011791662911440242
1145,0.011791662676803458
1146,0.011791662658216993
1147,0.011791662663803194
1148,0.011791662659516304
1149,0.011791665091600812
1150,0.01179166265826661
1151,0.011791662704144463
1152,0.011791662961148896
1153,0.01179166264028922
1154,0.011791662678390678
1155,0.011791662664534967
1156,0.011791662679472197
1157,0.011791662673409408
1158,0.01179166264520181
1159,0.011791662655321876
1160,0.011791662659945405
1161,0.011791662666899051
1162,0.01179166262027132
1163,0.011791662655784307
1164,0.011791662661626746
1165,0.011791662635435459
1166,0.011791662636719255
1167,0.01179166265893383
1168,0.011791662676227322
1169,0.011791662643530858
1170,0.011791662690254834
