reaction_index,Temp 1292.51 x: 4.0
0,8.184296526773743
1,8.219693723900106
2,8.219545511598467
3,8.215963107205738
4,8.219748482575243
5,8.219724280304284
6,8.219724343116518
7,8.219724273989046
8,8.219724262903506
9,8.219724278263676
10,8.219724273989046
11,8.219724335254101
12,8.219724370696934
13,8.219724223165992
14,8.21969989124178
15,8.220054915232645
16,8.219532486348422
17,8.219676043874337
18,8.219987363299726
19,8.219692151881627
20,8.219722959036925
21,8.21964721241441
22,8.219738174129937
23,8.219689111472091
24,8.21972612160519
25,8.219726212250196
26,8.219730578068123
27,8.219625335530445
28,8.219604573818028
29,8.219723780380223
30,8.21972424043023
31,8.219724421439278
32,8.219717913904626
33,8.219599155933855
34,8.219730445025956
35,8.219390663788742
36,8.219724281092688
37,8.217115643854687
38,8.21976437212818
39,8.219724279472654
40,8.21972428035399
41,8.218709647287849
42,8.21976353357284
43,8.219726095663507
44,8.219724294795517
45,8.219724742124072
46,8.219724010206814
47,8.219724753099266
48,8.219702382783023
49,8.219724280649201
50,8.219723057651988
51,8.21972427724899
52,8.22074740473575
53,8.219716550035935
54,8.219582726998722
55,8.219724574572277
56,8.219727153120276
57,8.220245362975694
58,8.220634416122929
59,8.219957037560414
60,8.219551625576134
61,8.21974689088851
62,8.219747308247992
63,8.219504121999137
64,8.219762550635448
65,8.219990837977162
66,8.219714435334277
67,8.219703206083826
68,8.223540154286226
69,8.219372180896189
70,8.219642247142959
71,8.2197235014008
72,8.219710986457718
73,8.219922158466275
74,8.219724262908905
75,8.219725985040228
76,8.219724965638749
77,8.219725363023114
78,8.219726516802043
79,8.21972484685419
80,8.219724513489838
81,8.219653881565565
82,8.219212150440127
83,8.220690645081769
84,8.219725440024465
85,8.219726716116247
86,8.21972511968554
87,8.219724302681884
88,8.219724213059553
89,8.219724278440077
90,8.219724274237663
91,8.219724278771997
92,8.218498720926126
93,8.219730094302504
94,8.219148911878289
95,8.219724326848556
96,8.219724574805321
97,8.21972426974199
98,8.219726221342363
99,8.219724314364171
100,8.219724079188593
101,8.219697322864462
102,8.219724168505282
103,8.219727776170915
104,8.219724478112305
105,8.219724297531469
106,8.21972427765656
107,8.219724316907952
108,8.21963570523488
109,8.219750370302277
110,8.219721381317589
111,8.21971859921081
112,8.21970826139076
113,8.21972459494739
114,8.219733208475771
115,8.219745838072091
116,8.219728288783756
117,8.21972427314075
118,8.21972657598242
119,8.219723599360465
120,8.219724198363135
121,8.219724077116007
122,8.219724279846094
123,8.219724524385427
124,8.219725650780138
125,8.219724155639682
126,8.219724381632503
127,8.21971576787094
128,8.219724302137472
129,8.21972427155318
130,8.219724281541893
131,8.219693739367669
132,8.219545494732447
133,8.219326717287613
134,8.21974815315238
135,8.219744393804511
136,8.219626951732813
137,8.221566694484965
138,8.217197687581374
139,8.219082644503583
140,8.215705150813884
141,8.219703424810916
142,8.219702736816876
143,8.219724293818796
144,8.219724358141374
145,8.219658158932917
146,8.219724080642258
147,8.219724166443745
148,8.219724260675559
149,8.219698950093056
150,8.219467551358175
151,8.219719008401704
152,8.219724135707448
153,8.219724230263903
154,8.21972425213483
155,8.219692137281264
156,8.219722960204399
157,8.219743347428789
158,8.219748633391186
159,8.219374309876356
160,8.21963001309194
161,8.219769290761068
162,8.219731012315414
163,8.219725279147047
164,8.219724283898348
165,8.212608788259093
166,8.219727941015728
167,8.219680188420243
168,8.21972622389731
169,8.21973057115701
170,8.219412045762391
171,8.219422603209793
172,8.219724907717275
173,8.219726137634375
174,8.219725356000255
175,8.219615332392815
176,8.219731703694086
177,8.219724512509703
178,8.219719326681115
179,8.204991536671535
180,8.21972556113014
181,8.219602857348839
182,8.219721729389324
183,8.219725126197249
184,8.219726992105166
185,8.219450957256377
186,8.219724264802752
187,8.219715348741971
188,8.219724279598427
189,8.219724137370383
190,8.219716493414666
191,8.219734507533087
192,8.219724333704413
193,8.219723785647314
194,8.219724278850512
195,8.219724289938284
196,8.219724274891208
197,8.219724274788522
198,8.219724296163097
199,8.219724278571352
200,8.219724273459514
201,8.219724336310266
202,8.219727480291915
203,8.219724400419715
204,8.219724259395042
205,8.219724279195153
206,8.219724276330657
207,8.219724274774578
208,8.219724274838338
209,8.219724302186407
210,8.230979330373138
211,8.220480808820536
212,8.218173637449015
213,8.219686079733258
214,8.220016978061327
215,8.21462626061869
216,8.21929698956602
217,8.218291194250183
218,8.21972201874149
219,8.21972426189991
220,8.219730579715447
221,8.221681920044087
222,8.220041555408962
223,8.221844701525836
224,8.219724273936134
225,8.219707217384947
226,8.219722450916505
227,8.228191364219889
228,8.220458675858021
229,8.222378025982794
230,8.219688225950609
231,8.220547154581787
232,8.219724371540181
233,8.219723837877709
234,8.219724281723702
235,8.219724268202915
236,8.219724273451543
237,8.219724274926882
238,8.219724288820386
239,8.219724530135393
240,8.219724297184603
241,8.220304629411416
242,8.219709344945839
243,8.219721870986712
244,8.225417768156229
245,8.220234670046697
246,8.221552829120895
247,8.219687755129993
248,8.219835225833096
249,8.219724270462908
250,8.219724375486036
251,8.217635327816588
252,8.219625726964216
253,8.219724293456412
254,8.219724270532561
255,8.219724334912735
256,8.21972426931021
257,8.219724243434255
258,8.219724346316788
259,8.219724291591403
260,8.22119772618979
261,8.218970992303683
262,8.219724272211934
263,8.219724278924113
264,8.219725579261418
265,8.219724273989046
266,8.21973782499702
267,8.219733596510423
268,8.219726021843583
269,8.21943652625888
270,8.21966037820173
271,8.219602537522453
272,8.21977423939271
273,8.219593782483262
274,8.218557264921238
275,8.21948500481095
276,8.221500663001528
277,8.221279399294128
278,8.219734813328348
279,8.22035867542619
280,8.219724292724248
281,8.219724284819211
282,8.219724286315593
283,8.219724292724248
284,8.219709880149706
285,8.219657261593193
286,8.219724220545633
287,8.21972334668812
288,8.219724276973624
289,8.219724280137415
290,8.219724273550229
291,8.219724296863765
292,8.219724469786321
293,8.219727243178031
294,8.219724222528217
295,8.219723673798207
296,8.219724284686642
297,8.219724221632205
298,8.219724277185213
299,8.219724279436369
300,8.219729181570179
301,8.219731997596913
302,8.219725608492597
303,8.21971450810922
304,8.21972170011425
305,8.181012543044224
306,8.21946554555093
307,8.219724274321733
308,8.20292238730762
309,8.219724264967958
310,8.21972427472003
311,8.219724265969397
312,8.21972427733806
313,8.21972454552615
314,8.21972520988033
315,8.2195832540527
316,8.219724274492366
317,8.219724274281631
318,8.219724280911283
319,8.21972427957706
320,8.219724283925927
321,8.2197246267693
322,8.21972183851477
323,8.2195300663673
324,8.21969444974922
325,8.2197166462272
326,8.219725463206155
327,8.21971615934733
328,8.219600623831774
329,8.219720383489713
330,8.219724982849453
331,8.219718763155782
332,8.219724272601075
333,8.21972427398735
334,8.219710306271734
335,8.21972421926457
336,8.219723959629912
337,8.219724377299578
338,8.219724278576034
339,8.224167276691063
340,8.219725128706957
341,8.21972346402613
342,8.220015472794671
343,8.219730639243167
344,8.219620659210817
345,8.219723571274445
346,8.219631989929589
347,8.219723778667651
348,8.219706172535513
349,8.2197244710018
350,8.219724369345824
351,8.219724933880332
352,8.21972432403405
353,8.219724247016952
354,8.219721561152415
355,8.219724472029176
356,8.219724303285268
357,8.219724269549072
358,8.21972428040574
359,8.21972427735802
360,8.21972427164306
361,8.21972426633052
362,8.219724280477955
363,8.21972429970014
364,8.219724306399373
365,8.219724274634308
366,8.219724262495117
367,8.219725968969565
368,8.219724281467814
369,8.219767579549544
370,8.21972427849103
371,8.219724279299902
372,8.220117874747755
373,8.219716042989154
374,8.219724475523147
375,8.21974871343916
376,8.219739725328717
377,8.219732089103575
378,8.219724206421926
379,8.21960168760171
380,8.21972428819324
381,8.219724281249544
382,8.219724370819074
383,8.21931244582988
384,8.219558322204364
385,8.219724278753372
386,8.21972428428033
387,8.219719800475831
388,8.219697079354514
389,8.226745900617606
390,8.219724353644429
391,8.219724270399688
392,8.219724275125742
393,8.219724276526646
394,8.219724246836982
395,8.219724273933743
396,8.219724278777589
397,8.219724270738409
398,8.219724275788465
399,8.219724277064493
400,8.21972429818127
401,8.219724267023189
402,8.219724278391066
403,8.219724271475565
404,8.219724266999918
405,8.219724285689207
406,8.217097269614294
407,8.21933420922746
408,8.219702226170604
409,8.21972465073976
410,8.219723533582902
411,8.219724286881355
412,8.219724366204925
413,8.219723591540852
414,8.219729946152906
415,8.21972430656773
416,8.219724278181582
417,8.219718057362076
418,8.219724284786889
419,8.21972296937053
420,8.219724303069782
421,8.219722768094051
422,8.219722027011846
423,8.219724250995053
424,8.219724265643016
425,8.219724272555052
426,8.219724274523276
427,8.21972434338541
428,8.219724266624466
429,8.21972431380004
430,8.2197330996135
431,8.219724288389239
432,8.219724270576839
433,8.219692814157902
434,8.219724277389423
435,8.219724353081372
436,8.219724280014425
437,8.219724271013902
438,8.219724275636514
439,8.219724269405054
440,8.2197242721879
441,8.219724265353307
442,8.2197115607513
443,8.219728440778548
444,8.219724277152652
445,8.219724264639353
446,8.229524477145276
447,8.21972428380345
448,8.219724286112084
449,8.219724264787438
450,8.219724280476639
451,8.219724327227027
452,8.219724263349317
453,8.219842032189419
454,8.219724271262107
455,8.219724283579147
456,8.219724283902464
457,8.219724278653933
458,8.219724265096591
459,8.21972427478519
460,8.219724277728567
461,8.21972428314344
462,8.219724272971835
463,8.21972427372965
464,8.219724276917729
465,8.219724244452406
466,8.219724402231856
467,8.219724271636832
468,8.219724274373512
469,8.219724280822227
470,8.2197242768747
471,8.21972428482721
472,8.219724270098892
473,8.219724279284451
474,8.219724273989046
475,8.21972426570235
476,8.219724174399294
477,8.21972531533526
478,8.21936263358441
479,8.219667844281537
480,8.22196282785781
481,8.219945442259212
482,8.219985393453841
483,8.22131625839537
484,8.21970224870493
485,8.221468926818993
486,8.219544527538842
487,8.219656608494864
488,8.219724204404871
489,8.21970761044526
490,8.219724660210526
491,8.21962180070743
492,8.219764449085268
493,8.221101087534066
494,8.219725409183393
495,8.219727008875852
496,8.21972847242141
497,8.219724280290134
498,8.21972427549317
499,8.219724973436328
500,8.219733991711719
501,8.219723428474278
502,8.219720134674937
503,8.219737600609973
504,8.219724303838014
505,8.219724278018983
506,8.219724268877357
507,8.219724284602227
508,8.219724275736613
509,8.219724269220492
510,8.219724275244648
511,8.219724338147138
512,8.219724269871296
513,8.219724284787308
514,8.219724283291576
515,8.219724278480312
516,8.219724266253756
517,8.219724280193667
518,8.219724279233253
519,8.219724277640832
520,8.219734514704223
521,8.219724270478991
522,8.219724283001502
523,8.219724277136784
524,8.219724279308334
525,8.219724280203335
526,8.219724280486863
527,8.21972427333625
528,8.219724260436072
529,8.219724277887057
530,8.21972428301425
531,8.21972427368922
532,8.21972427836133
533,8.219717150168316
534,8.219757756979014
535,8.219723603708305
536,8.219723917562485
537,8.219724290301492
538,8.21972389989295
539,8.21972854018268
540,8.219724315968485
541,8.219724279617576
542,8.219724265604984
543,8.219724275862008
544,8.219724253109591
545,8.219632418940385
546,8.219724186422667
547,8.219724267732373
548,8.219724278557518
549,8.219724044097653
550,8.219724282081176
551,8.2197238448308
552,8.219724362287145
553,8.218423501028772
554,8.219724339251526
555,8.219724304172916
556,8.219724491733219
557,8.219628676059987
558,8.219724290372346
559,8.21972487324081
560,8.219724275674489
561,8.219724275928932
562,8.219724292685168
563,8.219724378931534
564,8.219563472867984
565,8.21951304738046
566,8.21972491130701
567,8.21973482224612
568,8.219726112166843
569,8.2197242755531
570,8.219725150420452
571,8.219722581684945
572,8.219722046854686
573,8.219725147463016
574,8.219724174887748
575,8.219724665947737
576,8.219696580598322
577,8.219724283573633
578,8.219724146728675
579,8.219724278551242
580,8.219724279385833
581,8.219759284405088
582,8.219724272221963
583,8.21990792411401
584,8.21972346013187
585,8.219724264933296
586,8.219724282315575
587,8.219724611802532
588,8.219655434204705
589,8.219724274676825
590,8.219724279473258
591,8.219687857429411
592,8.21972426890917
593,8.21972428534162
594,8.219724281332148
595,8.219724281695136
596,8.219724276642575
597,8.219724283185132
598,8.219724275270615
599,8.219724280761838
600,8.219743814836288
601,8.219753839936056
602,8.219556386194093
603,8.219724575054984
604,8.219725396788323
605,8.219719544306976
606,8.219721806055393
607,8.219757012287404
608,8.219760741944144
609,8.219724160449262
610,8.218027190993684
611,8.21959800875146
612,8.219733310905402
613,8.219727115443622
614,8.219724347374388
615,8.219728167867798
616,8.219720898674307
617,8.220325603652485
618,8.219724268154197
619,8.219724266707486
620,8.219724282423442
621,8.219724304500797
622,8.219749423820602
623,8.219724307517389
624,8.219724202553564
625,8.21972426735011
626,8.219724277935102
627,8.219724365882673
628,8.219724265882641
629,8.21972427203629
630,8.219724275984605
631,8.219724276085541
632,8.219724278603914
633,8.219724293392337
634,8.219724397074867
635,8.219724294752028
636,8.219736219403442
637,8.219724270967836
638,8.219724275570394
639,8.219724280808363
640,8.219724274078779
641,8.21972427389048
642,8.219724273384127
643,8.219724264284398
644,8.219724270572168
645,8.219724270275078
646,8.219724272486499
647,8.219724258913706
648,8.219724278737782
649,8.219724275948595
650,8.219724268381519
651,8.219724266243421
652,8.21972427933674
653,8.219724262347505
654,8.219724278670316
655,8.219724277271393
656,8.219724271889804
657,8.219724273953053
658,8.219724287327578
659,8.219724269569298
660,8.219724279527059
661,8.219724276251657
662,8.219724277220482
663,8.219724289031891
664,8.219724276431522
665,8.21972425359326
666,8.219724270810747
667,8.219724275881935
668,8.219724284285292
669,8.219724272052593
670,8.219724281050324
671,8.21972426212432
672,8.219724072643139
673,8.219724281957376
674,8.21972427274577
675,8.21972427983384
676,8.219724280431508
677,8.219724279561621
678,8.219724238216383
679,8.219724274494714
680,8.219724346833193
681,8.219653363189366
682,8.219755426585586
683,8.219723595995134
684,8.219701269988267
685,8.21972562872099
686,8.219727302417445
687,8.219724908299858
688,8.219675769556925
689,8.219724262227238
690,8.219724278455896
691,8.2197242779874
692,8.219724276491148
693,8.219724286171362
694,8.219724274810975
695,8.2197243084142
696,8.219724280120426
697,8.219724249249289
698,8.219724264356081
699,8.219724282763124
700,8.219724277818049
701,8.21972427446326
702,8.219724250059347
703,8.219724225705205
704,8.219724279442392
705,8.21972428403644
706,8.21972426826003
707,8.219724280914509
708,8.219724283341765
709,8.21972427103225
710,8.219724274181258
711,8.21972426956326
712,8.219724283548668
713,8.219724284969722
714,8.219724280020117
715,8.219724270343834
716,8.219724272070625
717,8.21972427076745
718,8.219724274106435
719,8.21972428329903
720,8.219724273061821
721,8.219724276246504
722,8.219724240797614
723,8.21972426890924
724,8.219326416362136
725,8.21972428049492
726,8.219724268838343
727,8.219724280823373
728,8.219724271217085
729,8.21972427324762
730,8.219724277152292
731,8.219724276743362
732,8.219724274712435
733,8.219724277444598
734,8.2197242798432
735,8.219724278351174
736,8.219724281642103
737,8.219724273989046
738,8.219694526240893
739,8.219724273989046
740,8.219724292570865
741,8.2197242870619
742,8.219597049322726
743,8.219721232556171
744,8.219723854237145
745,8.219724502525462
746,8.219724290183128
747,8.219724116591918
748,8.219724206836842
749,8.219725504635282
750,8.219724455300755
751,8.219096537397121
752,8.21972444765694
753,8.219724249569726
754,8.219691860739594
755,8.219724812308057
756,8.219724281290642
757,8.21972427522673
758,8.219734658506193
759,8.21975459637806
760,8.21972486944562
761,8.219726446738806
762,8.219724477371564
763,8.219725524703327
764,8.219726159061038
765,8.219725339326365
766,8.219724833260251
767,8.219724249504134
768,8.219703914296458
769,8.219724173800211
770,8.219724265772312
771,8.219724284370214
772,8.219724271918015
773,8.219724269807637
774,8.21972428313186
775,8.219724268975618
776,8.21972426394333
777,8.219724280831942
778,8.219724273413641
779,8.219724284283343
780,8.219724278750938
781,8.219724306437802
782,8.21972427742845
783,8.219724271794567
784,8.219724276872556
785,8.219724391725261
786,8.21972429497982
787,8.21972428079045
788,8.219724278778411
789,8.219724277354892
790,8.21972446749666
791,8.219724335899695
792,8.219724293848195
793,8.219724283435959
794,8.219724281641572
795,8.219724277265037
796,8.219724275569272
797,8.219724266944038
798,8.219724283409649
799,8.219724274224962
800,8.219724278534809
801,8.217202212106773
802,8.219724269555321
803,8.219724286395124
804,8.219240544111942
805,8.219701783195166
806,8.219724822580647
807,8.219724002799389
808,8.219724277955553
809,8.219724279819006
810,8.219724284684448
811,8.219724278236674
812,8.219724280249636
813,8.219715184641315
814,8.219724280522323
815,8.2197242580352
816,8.219724274658994
817,8.219724269893169
818,8.21972427081411
819,8.219724266177476
820,8.21972426306202
821,8.219724275104506
822,8.219724269153401
823,8.219724272840416
824,8.219684397903643
825,8.219724265986105
826,8.219724128434956
827,8.21974596684638
828,8.219722164468118
829,8.21973451850763
830,8.219720784096697
831,8.219680705024386
832,8.219724277030082
833,8.219724268568864
834,8.219724152122598
835,8.219724268842645
836,8.21972426759979
837,8.219723487191702
838,8.219724273096867
839,8.219724272283678
840,8.21972427930033
841,8.219724281008784
842,8.219724270510104
843,8.219724269424605
844,8.219724269753243
845,8.219724274512354
846,8.219724270546797
847,8.219724281700035
848,8.219724282374356
849,8.21972427687909
850,8.219724279234095
851,8.219724260984876
852,8.219724269911707
853,8.219724272731927
854,8.219724281909302
855,8.21972427323958
856,8.21972427403406
857,8.219724282244853
858,8.219724282741529
859,8.21972427877671
860,8.219724277993805
861,8.219724278964028
862,8.219724277930814
863,8.21972428051097
864,8.21972427189303
865,8.21972531161102
866,8.219734026701644
867,8.219724270934472
868,8.219693950132468
869,8.219722991745988
870,8.219724294338752
871,8.219695676623202
872,8.21972716896307
873,8.219724078395984
874,8.219741938497137
875,8.219696755072546
876,8.219739971313277
877,8.219739882190321
878,8.219719981833883
879,8.219711581698478
880,8.219755531408854
881,8.219687625116633
882,8.219688811022666
883,8.219627202201332
884,8.220752937134279
885,8.220261157723648
886,8.21972460260267
887,8.219731139312833
888,8.219731547266461
889,8.219662684917532
890,8.219744518639937
891,8.217850025383536
892,8.219687098753232
893,8.219734166874334
894,8.219725109085068
895,8.219725639055804
896,8.219724278819578
897,8.219724594485793
898,8.219727754668973
899,8.219724156454035
900,8.219650484221004
901,8.21972850705287
902,8.219724357654139
903,8.21972475242649
904,8.21972427656372
905,8.21972427150108
906,8.219724260281627
907,8.219724274527003
908,8.21971707470492
909,8.219727187100053
910,8.219725667600656
911,8.219724280635297
912,8.219724585548807
913,8.219724442391184
914,8.219724777666126
915,8.219724267430875
916,8.21972461432591
917,8.219728075938015
918,8.219695419815004
919,8.219724270786216
920,8.219724267747655
921,8.219724274267389
922,8.219724472158576
923,8.219724253437374
924,8.219724270476213
925,8.21972427888681
926,8.219723872459477
927,8.219724275383568
928,8.219724279638744
929,8.219724280672231
930,8.21972427439094
931,8.219724276477788
932,8.219724275358509
933,8.219724266551998
934,8.219726042549228
935,8.219724959318345
936,8.219724421069996
937,8.219724277150808
938,8.219724286856987
939,8.219724290127164
940,8.219724518113656
941,8.219724159929594
942,8.219724305646436
943,8.219724266290694
944,8.219724278117342
945,8.219724278909998
946,8.219724283091338
947,8.219724275930933
948,8.219724279407544
949,8.21959058271747
950,8.219724274016688
951,8.219724275009046
952,8.219476237932252
953,8.219724829991767
954,8.219724361592899
955,8.219724279823339
956,8.219724276652306
957,8.219724520551557
958,8.219724302999094
959,8.219724275662147
960,8.219724404776946
961,8.219730544665756
962,8.219728831587945
963,8.219724485703486
964,8.21972452800071
965,8.21972473463884
966,8.21972450563973
967,8.219724286243228
968,8.219724280920014
969,8.21972422087155
970,8.219724270397721
971,8.2197242839579
972,8.21972479396645
973,8.219724285202329
974,8.219724280453283
975,8.219724275817027
976,8.219724394808363
977,8.219724394387665
978,8.219724284980149
979,8.219724268502048
980,8.219724278152375
981,8.219724268627425
982,8.21972428171547
983,8.219724275060944
984,8.219724281145535
985,8.21972428516084
986,8.21972427660941
987,8.219724268451527
988,8.21972427301186
989,8.21970695229285
990,8.219724278557981
991,8.21972426856456
992,8.219724263401442
993,8.2197242782831
994,8.219718452432737
995,8.219724283590464
996,8.219724276140541
997,8.219724262803693
998,8.21972427942304
999,8.219724264091882
1000,8.219724267974708
1001,8.21962180345093
1002,8.219724285959131
1003,8.219724339495897
1004,8.219724307556568
1005,8.219724277836287
1006,8.218644616011025
1007,8.219724233865868
1008,8.219724117798854
1009,8.219724277165557
1010,8.219724269655607
1011,8.219724282102998
1012,8.219724281522561
1013,8.219724271958631
1014,8.219620105818446
1015,8.219708742763887
1016,8.219721994454089
1017,8.219748129613913
1018,8.219724271120189
1019,8.219730021842595
1020,8.21972427704353
1021,8.219724285497376
1022,8.219724273989046
1023,8.219724273989046
1024,8.219724276090163
1025,8.219724281803144
1026,8.219724260869247
1027,8.219724285703634
1028,8.219724276615645
1029,8.219724273989046
1030,8.219724280332082
1031,8.219724261842968
1032,8.21972426941918
1033,8.219751015358453
1034,8.221412997199884
1035,8.219725416309924
1036,8.219725388332096
1037,8.219724845579586
1038,8.219691211669824
1039,8.219724260592415
1040,8.219724284755543
1041,8.219724332863379
1042,8.219724146228458
1043,8.219725371574736
1044,8.21980633815765
1045,8.219724272597986
1046,8.219724259823264
1047,8.219726241208289
1048,8.219724852215895
1049,8.219724274707644
1050,8.21972427406458
1051,8.219724467450892
1052,8.219724564654403
1053,8.219724621633164
1054,8.21972302765446
1055,8.219724284360558
1056,8.219724267697943
1057,8.219724277435482
1058,8.219724277930904
1059,8.219724285738774
1060,8.223306970841886
1061,8.22064361510397
1062,8.219724279041825
1063,8.219724294313817
1064,8.219724694143155
1065,8.219726654340374
1066,8.219726291929511
1067,8.219725826981069
1068,8.219724273411552
1069,8.219724264556161
1070,8.219724280842666
1071,8.21972427473146
1072,8.219724268147258
1073,8.21972428580579
1074,8.219724283585462
1075,8.219724272789358
1076,8.219762461899007
1077,8.219725740785838
1078,8.219730678308242
1079,8.219733924422728
1080,8.219623216386646
1081,8.219713669422742
1082,8.219733271384738
1083,8.219724262856975
1084,8.219724269071707
1085,8.219768671488897
1086,8.21972587778905
1087,8.219654213545063
1088,8.219587067759612
1089,8.219746280220617
1090,8.21972384587508
1091,8.21972447140261
1092,8.21972434134368
1093,8.219728229123023
1094,8.219726240810617
1095,8.219725308478207
1096,8.219747177904038
1097,8.219724318108408
1098,8.219724272091732
1099,8.219724284219112
1100,8.219724283396134
1101,8.219724758763626
1102,8.219724458753939
1103,8.219724273941688
1104,8.219724273836388
1105,8.219724272720702
1106,8.21972428539312
1107,8.21972678613608
1108,8.219725342906735
1109,8.219724362684035
1110,8.219724429262051
1111,8.21972427802557
1112,8.219724279212782
1113,8.219724163594748
1114,8.219724273919985
1115,8.219724267694744
1116,8.219690567363264
1117,8.219724021118983
1118,8.219723859057408
1119,8.219724307981764
1120,8.219724359016958
1121,8.219724205776023
1122,8.219723622993916
1123,8.219724164453408
1124,8.219711456255832
1125,8.219699175773771
1126,8.2197237760245
1127,8.219724203786802
1128,8.219724200277534
1129,8.219724278963453
1130,8.219724556064559
1131,8.219724278398674
1132,8.219724267882185
1133,8.219724267539418
1134,8.219724270858512
1135,8.219724278962273
1136,8.219724296521555
1137,8.219722970866405
1138,8.219724290860013
1139,8.219723536388734
1140,8.219724298422708
1141,8.219724293859022
1142,8.219724305719073
1143,8.219724275240527
1144,8.219724087538186
1145,8.219724268370497
1146,8.219724275646
1147,8.219724284203338
1148,8.21972427610021
1149,8.219722339761677
1150,8.219724280625728
1151,8.219724282091104
1152,8.219724288006079
1153,8.219724276471835
1154,8.219724272553773
1155,8.219724275631009
1156,8.219724284278245
1157,8.219724258831546
1158,8.219724273064976
1159,8.219724277374214
1160,8.219724271095018
1161,8.219724653000881
1162,8.219724905623917
1163,8.219724276248774
1164,8.219724277644493
1165,8.219724273351774
1166,8.21972427792936
1167,8.219724270953254
1168,8.219724276460097
1169,8.21972428346231
1170,8.219724276375832
