reaction_index,Temp 1818.18 x: 4.0
0,0.10283072507842543
1,0.10205984532752564
2,0.10202711653292704
3,0.10199978596484677
4,0.10206267539161536
5,0.10206237476058844
6,0.1020623996009481
7,0.1020623719138585
8,0.10206237193463354
9,0.10206237175001802
10,0.1020623719138585
11,0.10206238614501231
12,0.10206239332358114
13,0.1020623665850143
14,0.10206251700051838
15,0.10206584607158901
16,0.10205875324736736
17,0.10206346470849423
18,0.10206333458084013
19,0.10206236098289516
20,0.10206237120902768
21,0.10206169931032588
22,0.10206247596534822
23,0.10206237312162673
24,0.10206240069344583
25,0.10206237820650292
26,0.10206241418678688
27,0.10206032256796962
28,0.1020602185158377
29,0.10206227468156086
30,0.10206236274476173
31,0.10206237361471901
32,0.1020620854502189
33,0.10206279052851623
34,0.10206234823362696
35,0.10204833045631855
36,0.1020623718212094
37,0.10200353450989047
38,0.10206246063226804
39,0.1020623718447244
40,0.10206237227861575
41,0.10203423931397385
42,0.102068714394397
43,0.10206262580404807
44,0.10206237517747359
45,0.10206317349786269
46,0.10206351580516777
47,0.102062388291114
48,0.10204429118665406
49,0.10206238181365361
50,0.1020622496471887
51,0.10206235727651866
52,0.10207765172007233
53,0.10206223128085493
54,0.10206230749632779
55,0.10206242028629223
56,0.10206237024363261
57,0.10208022619460821
58,0.10211234352608117
59,0.10207988297734792
60,0.10206567758172702
61,0.10207925456445041
62,0.10206341151350422
63,0.10206129663001164
64,0.102083104681637
65,0.1020668656963635
66,0.10206237424339065
67,0.10205613480885105
68,0.10210244338077265
69,0.10202535870845404
70,0.10205579808599116
71,0.10206305941951532
72,0.10206136188483535
73,0.10207310873523771
74,0.10206238034927355
75,0.10206240006752285
76,0.10206225214794246
77,0.10206259504945617
78,0.10206255686444239
79,0.1020624160797424
80,0.10206237719347137
81,0.10206923563035528
82,0.10205148295741955
83,0.10207363675524792
84,0.10206246871239337
85,0.1020624471700323
86,0.10206243978442933
87,0.10206237365759883
88,0.10206235181610566
89,0.10206237183116482
90,0.10206237222903813
91,0.10206237177077426
92,0.10209423746556635
93,0.10206241711175616
94,0.10206142498346092
95,0.10206237385544502
96,0.10206238461724981
97,0.1020623720490781
98,0.10206237631646302
99,0.10206237618128389
100,0.10206237126756304
101,0.10206181592306636
102,0.10206237601667634
103,0.10206301216583492
104,0.10206284261767723
105,0.10206238572389757
106,0.10206238107883674
107,0.1020624027998218
108,0.10206666045471705
109,0.10205759766709421
110,0.10206214982777856
111,0.10206236326208047
112,0.10206191694760569
113,0.10206238043029396
114,0.10206232445582886
115,0.10206228365000095
116,0.10206227240509881
117,0.10206237221019884
118,0.10206250656422636
119,0.10206236872896426
120,0.10206237185238534
121,0.10206237141708131
122,0.10206237203738211
123,0.10206242062750395
124,0.10206242608363238
125,0.10206235998882109
126,0.10206238156029451
127,0.10206236608039537
128,0.10206237700572296
129,0.10206237088711481
130,0.10206237269484876
131,0.10205984537148866
132,0.10202711630939276
133,0.10205396306825627
134,0.1020630452484878
135,0.10206358436756026
136,0.1020617727656366
137,0.10206543238925828
138,0.10202738347478747
139,0.1020203199882995
140,0.10201288681467206
141,0.10206242999263904
142,0.10206234824101382
143,0.10206237168171
144,0.10206235461833521
145,0.10206786822303031
146,0.1020623647295738
147,0.10206214259605072
148,0.10206233201051197
149,0.10206171921194468
150,0.10205038387644849
151,0.10206226440338464
152,0.10206235930369328
153,0.10206236230619095
154,0.10206237113503179
155,0.10206236151117454
156,0.10206237208974048
157,0.1020641044334577
158,0.10206355779354695
159,0.10206120556389714
160,0.10203625794913386
161,0.10206454429180964
162,0.1020631631730938
163,0.10206238641535217
164,0.10206237216044067
165,0.10205613966964718
166,0.10206241730879347
167,0.10206167896384125
168,0.10206237833097576
169,0.1020624140955531
170,0.10202558655209812
171,0.10205765123031554
172,0.1020624405527562
173,0.10206247602708264
174,0.10206244337002181
175,0.1020619838613874
176,0.10206257051461036
177,0.1020623800864833
178,0.10206236716502089
179,0.10198136102802806
180,0.10206241603970692
181,0.10206182984278693
182,0.10206105741280858
183,0.10206239393630606
184,0.10206302730854687
185,0.10206215510289543
186,0.10206237163895479
187,0.10206235077141976
188,0.1020623722464141
189,0.10206237178469106
190,0.10206232531384143
191,0.10206233893568442
192,0.10206242944837499
193,0.10206237063376628
194,0.10206237215481835
195,0.10206237218816598
196,0.10206237216796427
197,0.10206237227488149
198,0.10206236972676472
199,0.10206237222457944
200,0.1020623720492937
201,0.10206237834502505
202,0.10206241089587342
203,0.10206237415201701
204,0.10206237172522327
205,0.10206237214630785
206,0.10206237234199453
207,0.10206237229059104
208,0.10206237225123872
209,0.10206238703947108
210,0.1028290537291294
211,0.10211449386039785
212,0.1021417991375849
213,0.10206232726380737
214,0.10206513514318065
215,0.10213250142796276
216,0.10204902582484368
217,0.10203674014630777
218,0.10205998773119823
219,0.10206237198323359
220,0.102062388225312
221,0.10208862778655582
222,0.1020804514611975
223,0.1020630107255629
224,0.10206237243081176
225,0.10205896486530945
226,0.10206236218852185
227,0.10211965365157469
228,0.10206485062406662
229,0.10206687393178411
230,0.10206236260643085
231,0.10206354113403787
232,0.10206237159181486
233,0.10206234371906418
234,0.10206237249218224
235,0.10206237220143557
236,0.1020623736182674
237,0.10206237213283245
238,0.1020623721521874
239,0.10206237920885451
240,0.10206237323188641
241,0.1020624707764454
242,0.10205889352124423
243,0.10206235788187694
244,0.10213613348517075
245,0.10206612823241645
246,0.10206753332929697
247,0.10206236003422599
248,0.10206352205004414
249,0.10206237209846845
250,0.10206237238587623
251,0.10205396875484098
252,0.10206182414601153
253,0.10206237236369406
254,0.10206237219365594
255,0.10206238799486902
256,0.10206237214020786
257,0.10206237217039921
258,0.1020623753539848
259,0.1020623727435867
260,0.10206270478930478
261,0.10206241502660444
262,0.10206231954847868
263,0.1020622868089281
264,0.10206246401906988
265,0.1020623719138585
266,0.10205485866714872
267,0.10205874175657702
268,0.10206192481137152
269,0.10206072011853795
270,0.10206138907327657
271,0.10206193532274804
272,0.1020627338834307
273,0.10206278756338208
274,0.1020705400118214
275,0.10206524207853367
276,0.102063722106092
277,0.1020675532730077
278,0.10206244132151308
279,0.10206402740235997
280,0.10206237246271482
281,0.10206237210979387
282,0.10206237245588018
283,0.10206237264164082
284,0.10206221247694426
285,0.10206214174785556
286,0.10206237177967369
287,0.10206237211094855
288,0.10206237258233879
289,0.10206237272490164
290,0.10206237271126332
291,0.1020624217503467
292,0.10206242349670487
293,0.10206278821394005
294,0.10206236790462732
295,0.10206237060884707
296,0.1020623718671502
297,0.1020623715243869
298,0.10206237220255611
299,0.1020623724223542
300,0.1020625440014717
301,0.10206251729532428
302,0.10206254116874336
303,0.1020621545042303
304,0.10206223721815087
305,0.10318499199680793
306,0.10206190965246391
307,0.10206236858756122
308,0.10292379332642952
309,0.10206237181511808
310,0.10206237071124713
311,0.10206237212385062
312,0.10206237269226769
313,0.10206241604001376
314,0.10206245489975523
315,0.10197778307327712
316,0.10206237200198168
317,0.10206237253094562
318,0.10206237201439125
319,0.1020623717363077
320,0.10206237207734709
321,0.10206237584292362
322,0.10206230624238191
323,0.1020614432341615
324,0.10206231398726914
325,0.10206235132284337
326,0.10206249396749349
327,0.10206132084448344
328,0.10206570176378796
329,0.10206231881009095
330,0.10206242889595116
331,0.10206205093024097
332,0.10206237198166468
333,0.10206237234791188
334,0.10206231322504443
335,0.10206236131660788
336,0.10206221823697059
337,0.10206238547897169
338,0.1020623719445576
339,0.10207403934255932
340,0.10206234756388202
341,0.10206236681714739
342,0.1020668919905197
343,0.10206279863649603
344,0.1020626238189192
345,0.10206237280016908
346,0.10206271110242848
347,0.10206236142332639
348,0.10206236568715642
349,0.10206237237876455
350,0.1020623723268211
351,0.10206238710667713
352,0.10206237335435969
353,0.1020623722887001
354,0.10206146098087356
355,0.10206237221200154
356,0.10206237250246232
357,0.10206237217868433
358,0.10206237210010394
359,0.10206237257730189
360,0.10206237185817686
361,0.10206237202245859
362,0.10206237199714026
363,0.10206237348044479
364,0.10206237258762278
365,0.10206237204687907
366,0.10206217248291902
367,0.1020624303520501
368,0.10206237620978605
369,0.10206330851816306
370,0.10206237287136022
371,0.10206237421028327
372,0.10209805097906369
373,0.10205669035129072
374,0.1020623773728596
375,0.10206251238442811
376,0.10206248665788803
377,0.10206768892777716
378,0.10206506924656417
379,0.10201944632384022
380,0.10206237200294929
381,0.1020623721168986
382,0.10206237613046176
383,0.10202551852570581
384,0.10206365408163329
385,0.1020623739017467
386,0.10206238341766899
387,0.10206224453020235
388,0.10206227893949726
389,0.1020720967599256
390,0.10206239151480234
391,0.10206237194327546
392,0.1020623725517084
393,0.10206237245690278
394,0.10206237292574692
395,0.10206237165937856
396,0.10206237213266077
397,0.10206237196624693
398,0.10206237152331483
399,0.10206237221076361
400,0.10206237901871554
401,0.10206237220536026
402,0.10206237232935729
403,0.10206237161291398
404,0.10206237240985232
405,0.10206237189914748
406,0.1020563842020446
407,0.1020492135568215
408,0.10206215238751988
409,0.10206239357707725
410,0.10206212549353584
411,0.1020623721103845
412,0.10206237450906215
413,0.10206237129265107
414,0.10206244347052701
415,0.10206236226545214
416,0.10206237227728131
417,0.10206236063360771
418,0.10206237180031534
419,0.10206235536181382
420,0.10206237192480287
421,0.10206218879233062
422,0.10206230590826104
423,0.10206237206073993
424,0.10206237194192472
425,0.10206237220128547
426,0.10206237229117454
427,0.10206237349966227
428,0.1020623718334633
429,0.10206237256556745
430,0.10206245727463446
431,0.1020623722602688
432,0.10206237167160204
433,0.10206206871123133
434,0.1020623719237829
435,0.1020623734117439
436,0.10206237243815815
437,0.10206237243150361
438,0.10206237191288182
439,0.10206237193048123
440,0.10206237205239262
441,0.10206237208895479
442,0.10205648223059102
443,0.10206244334060066
444,0.10206237186611695
445,0.10206237209123027
446,0.10207137215958226
447,0.10206242519965499
448,0.1020623560747616
449,0.10206237195615461
450,0.10206237252893328
451,0.10206238163469382
452,0.10206237217549724
453,0.10206409727915117
454,0.1020623718822445
455,0.10206237221495032
456,0.10206237159564417
457,0.10206237192036276
458,0.1020623720568091
459,0.10206237182583312
460,0.10206237260937479
461,0.10206237206769445
462,0.10206237184045265
463,0.10206237120756623
464,0.10206237225010911
465,0.10206237212192955
466,0.1020623738979576
467,0.10206237244198797
468,0.10206237205966165
469,0.10206237199810043
470,0.10206237207528965
471,0.10206237156715932
472,0.10206237185998047
473,0.10206237212661443
474,0.10206237191126076
475,0.10206237189185349
476,0.10206237203301635
477,0.10206237227564807
478,0.10205944866310948
479,0.1020617492143359
480,0.10205659891506971
481,0.10206167302190056
482,0.10206519255030226
483,0.10206914375860471
484,0.10206235362013781
485,0.10208388846525548
486,0.10206220154028418
487,0.10206348395475405
488,0.10206237187458841
489,0.10206241073321637
490,0.1020623729084395
491,0.10206217917523311
492,0.10206253958430443
493,0.10206293542399354
494,0.10206237560656223
495,0.10206237655910029
496,0.10206237843829963
497,0.10206237231086653
498,0.10206237158533683
499,0.10206237231251217
500,0.10206244593767619
501,0.102062370101176
502,0.10206238998266653
503,0.10206183562717683
504,0.102062371309442
505,0.10206237179127726
506,0.10206237145099978
507,0.10206237249225342
508,0.10206237179259975
509,0.10206237250892429
510,0.10206237177407153
511,0.10206238992360316
512,0.1020623718813138
513,0.102062372177739
514,0.10206237195817407
515,0.10206237220273828
516,0.10206237201757684
517,0.10206237210915532
518,0.1020623720162027
519,0.10206237194615167
520,0.10206266782150152
521,0.10206237178492895
522,0.10206237018040444
523,0.10206237249486741
524,0.1020623716552469
525,0.10206237215942723
526,0.10206237220908528
527,0.1020623722715979
528,0.10206237198705324
529,0.10206237212488839
530,0.10206237214274899
531,0.10206237264949278
532,0.102062371898337
533,0.10206222698072533
534,0.1020624020143259
535,0.10206237361654236
536,0.10206237778986961
537,0.10206237205279352
538,0.10206237322488322
539,0.10206237415487457
540,0.10206237166249606
541,0.10206237204556971
542,0.10206237132103976
543,0.10206237198281497
544,0.10206237228097857
545,0.1020620932627453
546,0.10206224315633483
547,0.10206237175147119
548,0.10206237218592024
549,0.1020623482128919
550,0.10206237130093258
551,0.1020623716315717
552,0.10206237187992045
553,0.10206913410005261
554,0.10206237204722127
555,0.10206237191203699
556,0.10206237125616326
557,0.10206281586379926
558,0.10206237226181443
559,0.10206237246994718
560,0.10206237202028394
561,0.10206237196611868
562,0.10206237199802648
563,0.10206237199803186
564,0.10206910727455543
565,0.10206376960755197
566,0.10206237159721743
567,0.10206237214763506
568,0.10206237172615742
569,0.10206237179642841
570,0.10206237209050213
571,0.10206286223356663
572,0.10206237973338485
573,0.10206236965180662
574,0.10206239316635944
575,0.10206241560412298
576,0.1020616294350506
577,0.10206237201707105
578,0.10206235740375216
579,0.1020623718824599
580,0.1020623723858025
581,0.10206617342980506
582,0.10206237208837954
583,0.10212919710118079
584,0.10206239737609216
585,0.10206237256508233
586,0.10206237250023828
587,0.10206236078270127
588,0.10206248542961051
589,0.10206237205276944
590,0.10206237230469722
591,0.10206133121297656
592,0.10206237181766166
593,0.10206237224171011
594,0.10206237216886649
595,0.10206237164481469
596,0.10206237222730766
597,0.10206237195496667
598,0.1020623717914116
599,0.10206237239880557
600,0.10206401018050094
601,0.10206280894221943
602,0.10206298232818725
603,0.10206237379124507
604,0.10206238559214073
605,0.10206236683963478
606,0.1020623694360164
607,0.10206261586523982
608,0.10206290243055303
609,0.10206237166670062
610,0.10205685528199555
611,0.10206173780805182
612,0.10206252987435435
613,0.10206245349613363
614,0.10206237198330245
615,0.10206175700241556
616,0.10206237145555816
617,0.10206437712574978
618,0.10206237219559372
619,0.10206237196666443
620,0.10206237200226952
621,0.10206237217277635
622,0.10206308436178989
623,0.10206237796386572
624,0.10206237684945776
625,0.10206237256871172
626,0.10206237212810941
627,0.10206238066678344
628,0.10206237227001502
629,0.10206237185501037
630,0.10206237223749591
631,0.10206237174682678
632,0.10206237211022855
633,0.10206237205709975
634,0.1020623716554626
635,0.1020623727605107
636,0.10206275472734648
637,0.10206237214413792
638,0.10206237160134232
639,0.10206237195780904
640,0.10206237203071129
641,0.10206237168033473
642,0.10206237185483309
643,0.10206237207889171
644,0.10206237252445279
645,0.10206237245470144
646,0.10206237202364611
647,0.10206237226844153
648,0.10206237195976606
649,0.10206237239871532
650,0.10206237192262245
651,0.10206237224973957
652,0.1020623720248815
653,0.10206237174475917
654,0.10206237135629358
655,0.10206237232284573
656,0.10206237203454879
657,0.1020623721971501
658,0.10206237270907587
659,0.1020623721619715
660,0.10206237123338699
661,0.10206237199474039
662,0.1020623723825337
663,0.10206237190937555
664,0.10206237192241872
665,0.10206237219323952
666,0.10206237208624397
667,0.10206237235720449
668,0.1020623715454158
669,0.10206237197002493
670,0.1020623718905262
671,0.10206237200277427
672,0.1020623714527499
673,0.10206237145723654
674,0.10206237257147896
675,0.10206237209958653
676,0.10206237191408485
677,0.1020623721537657
678,0.10206237230962771
679,0.10206237275683613
680,0.10206237369626307
681,0.10206212684440347
682,0.10206260471063927
683,0.10206237106818235
684,0.10206221860492527
685,0.10206245932785894
686,0.10206242283307214
687,0.10206239206293773
688,0.10206435465116091
689,0.10206237249315529
690,0.10206237194657009
691,0.10206237204792518
692,0.10206237204587619
693,0.10206237195777317
694,0.10206237197990982
695,0.10206237420753461
696,0.10206237245350386
697,0.10206237203431387
698,0.10206237190878047
699,0.10206237139378237
700,0.10206237201504671
701,0.10206237179005594
702,0.10206236972821715
703,0.10206236324354026
704,0.10206237211867764
705,0.10206237221672736
706,0.10206237193332016
707,0.10206237205800625
708,0.10206237253895492
709,0.10206237221581976
710,0.1020623719791465
711,0.10206237208264629
712,0.10206237210374057
713,0.10206237182623105
714,0.10206237210336089
715,0.10206237158864653
716,0.10206237185925517
717,0.10206237193520151
718,0.10206237236286925
719,0.10206237205988554
720,0.10206237262805454
721,0.10206237197157826
722,0.10206237262701565
723,0.10206237199973481
724,0.10201232529049203
725,0.10206237199878374
726,0.10206237178344384
727,0.10206237212094335
728,0.10206237225366897
729,0.10206237209588827
730,0.10206237191984605
731,0.10206237203408679
732,0.10206237214316215
733,0.10206237244212235
734,0.10206237175696457
735,0.10206237230695446
736,0.10206237194528163
737,0.1020623719138585
738,0.10205640964630741
739,0.1020623719138585
740,0.10206239883105951
741,0.1020624252003368
742,0.10197742571020661
743,0.1020617382964545
744,0.10206233450426186
745,0.10206238083173705
746,0.10206237289551442
747,0.10206234458143329
748,0.10206235293439055
749,0.10206268266545807
750,0.10206240069285676
751,0.10201260219933209
752,0.10206273428799333
753,0.1020623692883251
754,0.10205671793584965
755,0.10206240211556727
756,0.1020623901556603
757,0.10206238359223316
758,0.10206254670694577
759,0.10206570422493852
760,0.10206246148152515
761,0.10206237950916258
762,0.10206237264298298
763,0.10206246040553568
764,0.10206260126788233
765,0.10206268301344051
766,0.10206261161800653
767,0.10206231228304767
768,0.10205860219503393
769,0.10206232594508642
770,0.10206237172752551
771,0.10206237214775157
772,0.10206237242568403
773,0.10206237194447623
774,0.10206237255580428
775,0.10206237226084458
776,0.10206237245789426
777,0.10206237185067418
778,0.10206237196109855
779,0.10206237181863227
780,0.10206237404675272
781,0.10206237376012064
782,0.10206237208665464
783,0.10206237206014025
784,0.10206237206360319
785,0.1020623966527435
786,0.10206237248338033
787,0.10206237176430685
788,0.1020623721877305
789,0.10206237174346981
790,0.10206239250383381
791,0.10206238846006886
792,0.10206237191848799
793,0.10206237214612612
794,0.10206237223324341
795,0.10206237213648427
796,0.10206237219633105
797,0.10206237246332568
798,0.10206237132312451
799,0.10206237176458649
800,0.10206237143139113
801,0.10204671358434264
802,0.10206237212562223
803,0.10206237227618115
804,0.10206224126081309
805,0.10206238472495012
806,0.10206238274595934
807,0.10206237203419039
808,0.10206237256241285
809,0.10206237201441395
810,0.10206237191260076
811,0.10206237188019084
812,0.10206237256457805
813,0.10206214740706343
814,0.10206237156202991
815,0.10206237158638605
816,0.10206237146434238
817,0.10206237192767717
818,0.10206237274633145
819,0.10206237216762676
820,0.1020623719221657
821,0.10206237173697763
822,0.10206237203150356
823,0.10206237220957572
824,0.10206160010958307
825,0.1020623718592073
826,0.10206237190798781
827,0.1020623492626135
828,0.10206239626703179
829,0.10206071655310309
830,0.10206218641245547
831,0.10206220684497799
832,0.10206237226186399
833,0.10206237225745027
834,0.10206237207913858
835,0.10206237192425041
836,0.10206237180877037
837,0.10206265749767926
838,0.10206237181588165
839,0.10206237218132017
840,0.10206237187823511
841,0.10206237180583821
842,0.1020623720614347
843,0.10206237187620895
844,0.10206237189515457
845,0.10206237203644869
846,0.1020623718690712
847,0.10206237224452736
848,0.10206237230017537
849,0.10206237230982436
850,0.10206237203824421
851,0.10206237197696977
852,0.10206237230867007
853,0.10206237197096223
854,0.10206237197029916
855,0.10206237209214984
856,0.10206237152275116
857,0.1020623723774731
858,0.10206237168898905
859,0.10206237203576014
860,0.10206237204502983
861,0.10206237228032096
862,0.10206237152231858
863,0.10206237223586223
864,0.10206237234776196
865,0.10206197952724651
866,0.10205803230725397
867,0.10206237165137359
868,0.10206250117357145
869,0.1020623724379616
870,0.10206237220279803
871,0.10206257251726082
872,0.10206274788115742
873,0.10206236873886503
874,0.10206237843804461
875,0.10206231834805307
876,0.1020625674102094
877,0.10206256904787536
878,0.1020623695640927
879,0.10206236332821791
880,0.10206845503340647
881,0.10206356948141682
882,0.10206295715691384
883,0.10207086665668676
884,0.10206534778532805
885,0.10206084259112264
886,0.10206235190448994
887,0.1020623616983423
888,0.10206248320896606
889,0.10205885189416171
890,0.1020620893787824
891,0.1020484052984475
892,0.10206068363168994
893,0.10206331056093843
894,0.10206237444404781
895,0.10206237785907024
896,0.1020623717728148
897,0.10206237219224637
898,0.10206245415096608
899,0.10206236442309187
900,0.10206214247457222
901,0.10206237336070792
902,0.10206237213984806
903,0.10206237284198319
904,0.10206237215295753
905,0.10206237192159172
906,0.1020623724815189
907,0.10206237221693597
908,0.1020688673062981
909,0.1020623811972042
910,0.10206237783880265
911,0.1020623720353254
912,0.1020623728851344
913,0.10206237252644244
914,0.10206237268126307
915,0.10206237178593329
916,0.10206237302921946
917,0.10206246396175858
918,0.10206227010980175
919,0.10206237169603828
920,0.10206237177673741
921,0.10206237199421837
922,0.10206236650823666
923,0.10206237196694026
924,0.10206230585532072
925,0.10206235723911694
926,0.10206228212502758
927,0.10206237190672367
928,0.10206237232486462
929,0.10206237224643527
930,0.10206237148958143
931,0.10206237185778523
932,0.10206237209140381
933,0.10206237234754553
934,0.10206237260791337
935,0.10206237217012604
936,0.10206237220799041
937,0.10206237144959894
938,0.1020623718890473
939,0.1020623740397164
940,0.10206247336173375
941,0.10206245078252521
942,0.10206237462775715
943,0.1020623721164225
944,0.10206237238839805
945,0.10206237187647267
946,0.1020623717731179
947,0.1020623720230665
948,0.10206237050585643
949,0.10206202007329236
950,0.10206237200320807
951,0.10206237189630406
952,0.10205071238987039
953,0.10206272293976329
954,0.10206239412783225
955,0.1020623721652081
956,0.10206237182580813
957,0.10206226239124092
958,0.10206237221042772
959,0.10206237196686438
960,0.10206237206742395
961,0.102062373002509
962,0.10206237948631036
963,0.10206237202858982
964,0.10206237225047196
965,0.10206237639386762
966,0.10206237392757118
967,0.10206237262218476
968,0.10206237210144269
969,0.10206237185226615
970,0.10206237264826223
971,0.10206237173974878
972,0.10206237601733534
973,0.10206237205336709
974,0.1020623719097819
975,0.10206237213597892
976,0.10206237213473514
977,0.10206237204207767
978,0.10206237202130325
979,0.10206237175040442
980,0.10206237216067704
981,0.10206237197167259
982,0.10206237173669841
983,0.10206237226146024
984,0.1020623718895199
985,0.1020623720163021
986,0.1020623719153573
987,0.10206237200131806
988,0.10206237140954634
989,0.10206194001698028
990,0.10206237238371654
991,0.10206237167245487
992,0.10206237150657228
993,0.10206237184409146
994,0.10206215582054923
995,0.10206237223066512
996,0.10206237193819574
997,0.10206237198537246
998,0.10206237189118332
999,0.10206237256345063
1000,0.10206237385592437
1001,0.10205916637850371
1002,0.10206237104559239
1003,0.10206234868104937
1004,0.10206236371550988
1005,0.10206237232742232
1006,0.10205561186354663
1007,0.10206237005940656
1008,0.10206236210643578
1009,0.10206237176814517
1010,0.10206237197940991
1011,0.10206237217839596
1012,0.10206237203238992
1013,0.102062372162511
1014,0.10206069029653925
1015,0.10206237503012602
1016,0.1020625091511462
1017,0.10206265128205351
1018,0.10206237126499665
1019,0.10206233350709223
1020,0.1020623718603579
1021,0.10206237188169168
1022,0.1020623719138585
1023,0.1020623719138585
1024,0.10206237257014601
1025,0.1020623718651588
1026,0.10206237209067354
1027,0.10206237150903363
1028,0.1020623717451164
1029,0.10206237207692159
1030,0.10206237200116205
1031,0.10206237195419286
1032,0.10206237129129797
1033,0.10206216529085266
1034,0.10205806555134145
1035,0.10206238057269865
1036,0.10206237749050483
1037,0.10206237469174723
1038,0.1020623737599926
1039,0.10206237238579655
1040,0.10206237193230705
1041,0.10206237226788453
1042,0.10206237146151585
1043,0.10206237204567886
1044,0.10206247706528328
1045,0.10206237184384367
1046,0.10206237213861416
1047,0.1020623801667091
1048,0.10206237176603618
1049,0.10206237160248924
1050,0.10206237198268298
1051,0.10206237195965666
1052,0.10206237203886998
1053,0.10206237293637607
1054,0.10206237319458515
1055,0.10206237181297675
1056,0.10206237254321089
1057,0.10206237191006665
1058,0.10206237214584277
1059,0.10206237190708457
1060,0.10204206293213612
1061,0.10205249201850407
1062,0.10206237128830267
1063,0.10206237118349629
1064,0.10206183451212922
1065,0.10206239815971463
1066,0.10206237348596739
1067,0.10206237209086452
1068,0.10206237231469995
1069,0.10206237195553107
1070,0.10206237178397588
1071,0.1020623720149731
1072,0.10206237226009847
1073,0.10206237207123658
1074,0.10206237157045914
1075,0.1020623722668814
1076,0.10206238449720961
1077,0.10206237235992797
1078,0.10206237736446086
1079,0.10206237950589793
1080,0.10206247331262877
1081,0.10206242336656429
1082,0.10206237784828799
1083,0.10206237177396461
1084,0.10206237242331605
1085,0.10206238415748678
1086,0.1020623719040072
1087,0.10206249565907619
1088,0.10206238995243604
1089,0.10206238649289992
1090,0.10206237194466093
1091,0.10206237176156609
1092,0.10206237130600404
1093,0.10206233376594805
1094,0.10206237111818453
1095,0.10206237252741591
1096,0.10206237876682374
1097,0.10206237149611552
1098,0.10206237206484847
1099,0.10206237224295922
1100,0.10206237253929921
1101,0.10206237225183745
1102,0.10206237204489065
1103,0.10206237193165645
1104,0.10206237194150779
1105,0.10206237189060749
1106,0.10206237217553006
1107,0.10206237109305813
1108,0.10206237226085665
1109,0.10206237221406814
1110,0.10206237260970386
1111,0.10206237207068777
1112,0.10206237184778598
1113,0.10206237213258432
1114,0.10206237190483326
1115,0.10206237156218906
1116,0.10206240103890361
1117,0.1020623715120388
1118,0.10206237140838617
1119,0.10206237208161964
1120,0.10206237215389023
1121,0.10206237194951787
1122,0.10206237235834785
1123,0.10206237190709311
1124,0.10206237142193242
1125,0.10206237076100752
1126,0.1020623717014657
1127,0.10206237171212712
1128,0.10206237186278998
1129,0.10206237152775374
1130,0.10206237241323843
1131,0.10206237209767303
1132,0.10206237216904007
1133,0.10206237165893749
1134,0.10206237257384435
1135,0.10206237232107962
1136,0.10206237188530429
1137,0.10206237064622797
1138,0.10206237202043031
1139,0.1020623722512469
1140,0.10206237210807083
1141,0.10206237237553996
1142,0.10206237199312654
1143,0.1020623713210645
1144,0.10206237196148504
1145,0.10206237156798122
1146,0.10206237189179664
1147,0.10206237235288483
1148,0.10206237154694849
1149,0.10206237087646669
1150,0.10206237162461428
1151,0.10206237197234651
1152,0.10206237226324094
1153,0.10206237221476369
1154,0.10206237233861845
1155,0.1020623718595232
1156,0.10206237241655032
1157,0.10206237159523887
1158,0.10206237227379328
1159,0.10206237196971568
1160,0.1020623727172231
1161,0.10206237263437244
1162,0.10206237325702955
1163,0.1020623720262432
1164,0.10206237166298006
1165,0.10206237209386297
1166,0.10206237179499611
1167,0.10206237198946018
1168,0.10206237183220421
1169,0.10206237215635666
1170,0.10206237197725825
