reaction_index,Temp 1467.18
0,0.25297035053509564
1,0.2569803998136462
2,0.2569448802184189
3,0.25676756268695194
4,0.25698899269569914
5,0.2569873180814333
6,0.2569873634499209
7,0.2569873072756733
8,0.25698731134405145
9,0.2569873075460914
10,0.2569873072756733
11,0.25698736906407327
12,0.25698758941999306
13,0.25698733213425834
14,0.25699082524569045
15,0.25707396758057544
16,0.2569415558436937
17,0.25701249750361915
18,0.2570576108245965
19,0.25698718218005406
20,0.2569873172218295
21,0.25690664555327297
22,0.2569981028850287
23,0.25699437154402066
24,0.2569890220004517
25,0.2569891042666262
26,0.2569950498073657
27,0.25698086525423003
28,0.2570245195811317
29,0.2569872922014276
30,0.2569873094214151
31,0.2569874396765439
32,0.25698690633223503
33,0.2569991724048679
34,0.256987742611118
35,0.2569080759514264
36,0.25698731072129927
37,0.25674205147048523
38,0.25699263545023865
39,0.25698730841804895
40,0.2569873100573246
41,0.25673622147602687
42,0.25704905978954534
43,0.2569899064861398
44,0.2569873389746769
45,0.2569876614869427
46,0.25698925489912744
47,0.25698754201568064
48,0.2569739194028499
49,0.25698731130372804
50,0.2569873107175082
51,0.25698730225452676
52,0.2570940753799716
53,0.2569715467530024
54,0.25698081534870715
55,0.25698741616837045
56,0.25698751390989505
57,0.25712600959812193
58,0.25719539612258036
59,0.2570632711906951
60,0.2570190856213622
61,0.25700437754822114
62,0.25700633527886574
63,0.2569196364468407
64,0.25691368542296505
65,0.25699676643267155
66,0.2569889523781393
67,0.2569703958513059
68,0.25704537296274654
69,0.2569751112869498
70,0.25698864046604275
71,0.25698850999007955
72,0.2569864832071532
73,0.25703307201027786
74,0.2569871855843635
75,0.25698761708806506
76,0.2569882872885557
77,0.2569883687743383
78,0.2569908069171557
79,0.25698848028989496
80,0.25698761805713993
81,0.25704107029282647
82,0.25697526253619773
83,0.25708637181856125
84,0.2569896682584291
85,0.2569908842625746
86,0.2569885244868187
87,0.2569873015615956
88,0.2569870907412919
89,0.2569873100970544
90,0.2569873088304385
91,0.25698731097936184
92,0.25696252389984897
93,0.2569896153556125
94,0.2569174459652067
95,0.25698743031143445
96,0.25698811485634104
97,0.2569873084190187
98,0.25698749884739663
99,0.25698736203181205
100,0.2569873064391077
101,0.2569856587707535
102,0.2569871514955484
103,0.2569919635069407
104,0.25698791936947135
105,0.25698736409438194
106,0.25698731335636665
107,0.2569873766891108
108,0.2569884576108508
109,0.25695627756411893
110,0.2569842158443971
111,0.25698688991869073
112,0.25697956560789836
113,0.25698771298426576
114,0.25698819548909324
115,0.2569897507515044
116,0.2569870322661584
117,0.25698730963677563
118,0.256991503700775
119,0.25698729168890716
120,0.2569873073613064
121,0.2569873048299767
122,0.25698730789760765
123,0.2569877560538593
124,0.25698906075705097
125,0.25698709281375937
126,0.2569874590656746
127,0.25698557487401474
128,0.2569873581505007
129,0.25698730528338476
130,0.2569873141645264
131,0.2569803968804276
132,0.25694488015058925
133,0.25708122264482247
134,0.2569901777716677
135,0.25699370620241935
136,0.25698270588963645
137,0.25714519721402723
138,0.2567366556227813
139,0.2569274184922053
140,0.25658625018407205
141,0.2569998409065136
142,0.25698595021915177
143,0.2569873088145631
144,0.25698754246631206
145,0.25700514791934415
146,0.2569873779001117
147,0.25698762931593505
148,0.25698737429563856
149,0.2569832133508979
150,0.25694041349189767
151,0.25698690741157865
152,0.25698730301377765
153,0.25698730735954206
154,0.2569873040336073
155,0.25698718120798875
156,0.2569873145188786
157,0.25702757388575526
158,0.2569926625961479
159,0.25693952865350556
160,0.2569199998594006
161,0.2570417771869605
162,0.2569959469418745
163,0.256989134943662
164,0.2569873089481533
165,0.2566064473963067
166,0.2569879888076786
167,0.25697372397923524
168,0.25698910554906
169,0.2569950495521444
170,0.25679142106434777
171,0.2568008157283062
172,0.25698815686879783
173,0.2569902642567763
174,0.25698870895099857
175,0.2569792269984513
176,0.25699152933399916
177,0.25698761759938743
178,0.2569848797996223
179,0.2553696175529772
180,0.25698883036698833
181,0.2568917548959002
182,0.2569855157482747
183,0.2569885082898358
184,0.25698988931562183
185,0.256977125006221
186,0.25698730169113243
187,0.2569878938203532
188,0.25698730542180404
189,0.25698732670987057
190,0.25698800508207836
191,0.2569898414823462
192,0.2569874620948454
193,0.25698749772687035
194,0.2569873075616344
195,0.25698732916485933
196,0.2569873104283982
197,0.256987309401751
198,0.2569873188129988
199,0.25698730720492025
200,0.2569873305649275
201,0.25698757503239406
202,0.2569897620656856
203,0.2569873221486288
204,0.2569873097111515
205,0.25698731118806784
206,0.2569873099751901
207,0.2569873102738074
208,0.25698730965601974
209,0.25698738237957075
210,0.2569873072284618
211,0.25698730728400837
212,0.2569873072347489
213,0.2569873073343728
214,0.2569873072075544
215,0.2569873072928597
216,0.25698730732661534
217,0.25698730729161046
218,0.25698730740833375
219,0.25698730724515595
220,0.2569873072901644
221,0.2569873072604685
222,0.2569873072543512
223,0.2569873072750865
224,0.25698730726385066
225,0.25699094616437085
226,0.2569870985544496
227,0.2578345463062278
228,0.25701942710450654
229,0.2571377639054514
230,0.2569847859644381
231,0.25700182736242333
232,0.2569873236171988
233,0.2569868982870661
234,0.2569873607256379
235,0.256987308549313
236,0.2569873149581978
237,0.25698731094284144
238,0.2569873141747181
239,0.2569883139318406
240,0.2569873448587143
241,0.2569873072430017
242,0.2569879681076197
243,0.25698701986943684
244,0.2576960135248163
245,0.2569922844787268
246,0.2570920280998677
247,0.2569845900774166
248,0.25698398505731157
249,0.25698730870855163
250,0.256987319068125
251,0.25661171156947876
252,0.25696606605657213
253,0.2569873610007183
254,0.25698730852520707
255,0.25698734436054477
256,0.25698730703615424
257,0.25698731136057956
258,0.25698762246801105
259,0.2569873309676934
260,0.2569873072730647
261,0.25691299812452706
262,0.2569873153314812
263,0.25698732032708776
264,0.25698987062358825
265,0.2569873072756733
266,0.2570464354653302
267,0.2570225432832692
268,0.2569924535664342
269,0.2569130691529039
270,0.25697914204397754
271,0.25697571035733835
272,0.2570157046577678
273,0.25700433452383736
274,0.256907037563837
275,0.2569679593261987
276,0.2571551744969942
277,0.25721357747934914
278,0.25698730724780744
279,0.25698730729422153
280,0.2569873448718712
281,0.25698733266516777
282,0.25698732490579873
283,0.2569873444516536
284,0.25698527646051256
285,0.25698083335172883
286,0.2569873061599361
287,0.256987278852858
288,0.2569873263133554
289,0.25698733473044794
290,0.2569873089210331
291,0.2569874417499585
292,0.25698782861135216
293,0.2569934780331107
294,0.25698728731637455
295,0.2569873072780953
296,0.25698731234090244
297,0.2569873294103208
298,0.25698732625929155
299,0.25698733180293687
300,0.256992424438046
301,0.25699359915988007
302,0.2569905303819428
303,0.256984211127173
304,0.2569880029047893
305,0.256987307318866
306,0.2569873072730164
307,0.25698731209274034
308,0.25698730731580544
309,0.2569873072756733
310,0.25698730726657565
311,0.2569873072756733
312,0.2569873072756733
313,0.25698805690146853
314,0.25698936795805954
315,0.2569873072861565
316,0.2569873072756733
317,0.2569873072756733
318,0.2569873072756733
319,0.2569873072756733
320,0.2569873072756733
321,0.25698732539902924
322,0.2569872810910405
323,0.2569805154250927
324,0.25698629616586516
325,0.2569871339987712
326,0.25698922837289967
327,0.256985545376963
328,0.25700512754037164
329,0.2569861276581293
330,0.2569877914408395
331,0.2569802082806398
332,0.2569873134273568
333,0.256987307832386
334,0.2569822615619455
335,0.2569873835051662
336,0.2569880078935637
337,0.2569873129320301
338,0.2569873093481397
339,0.25739601206811635
340,0.2569886110879445
341,0.2569871040366957
342,0.25706837729195764
343,0.2569638986546069
344,0.25697334562564317
345,0.2569868477651987
346,0.25690286237438603
347,0.25698748259105425
348,0.2569859957290412
349,0.25698732471476665
350,0.2569873137597387
351,0.25698847797210567
352,0.2569873602304763
353,0.2569873145395928
354,0.25698730730866
355,0.2569873449356146
356,0.25698732010674863
357,0.2569873072756733
358,0.2569873072756733
359,0.2569873072756733
360,0.2569873072756733
361,0.2569873072756733
362,0.2569873072756733
363,0.25698735224678676
364,0.25698735495892094
365,0.25698730733670205
366,0.25698730733962827
367,0.25698730727727265
368,0.2569873072285761
369,0.2569873064300957
370,0.25698730729074526
371,0.25698730710063905
372,0.2569873072756733
373,0.2569873072509223
374,0.25698730728197733
375,0.2569873072351554
376,0.2569873070689357
377,0.2569873072756733
378,0.2569877393038335
379,0.25712918173027577
380,0.25698730673150816
381,0.25698732067715313
382,0.256987414910675
383,0.2569873072182557
384,0.25698730715934415
385,0.25698730727086566
386,0.2569873071391369
387,0.2569848677891691
388,0.2569808065635142
389,0.2569873072756733
390,0.25698732784390727
391,0.2569873088145657
392,0.25698730740036724
393,0.2569873108726812
394,0.25698730573505646
395,0.25698730963217803
396,0.25698731077252523
397,0.2569873099211827
398,0.2569873073407647
399,0.25698730847773527
400,0.2569873553164692
401,0.25698730765266903
402,0.25698731022709287
403,0.25698730743297865
404,0.2569873092683723
405,0.25698731102739075
406,0.25662277724220767
407,0.2569236401391746
408,0.2569775187251683
409,0.25698812772880725
410,0.25698722383835215
411,0.25698731761103466
412,0.2569875347658979
413,0.25698728000926757
414,0.25699298359183775
415,0.2569873381326339
416,0.2569873069604216
417,0.25698570262443704
418,0.2569873075695747
419,0.25698675233553936
420,0.2569873227092204
421,0.2569868579954382
422,0.25698695530673527
423,0.2569872943398876
424,0.2569873072743739
425,0.2569873119519937
426,0.25698730748351606
427,0.2569874436305159
428,0.25698731215270104
429,0.25698742748574943
430,0.25698730726838537
431,0.2569873550646666
432,0.25698733831532067
433,0.2569835122853173
434,0.25698730722859847
435,0.2569874308776234
436,0.2569873074925412
437,0.2569873079693747
438,0.25698730720360785
439,0.25698730729895924
440,0.25698730991005675
441,0.25698731084536997
442,0.25698730706376743
443,0.25698730724605245
444,0.25698730729939395
445,0.2569873073135335
446,0.25698730727492697
447,0.2569873072747418
448,0.25698730723593216
449,0.2569873072756733
450,0.2569873072756733
451,0.2569873072835252
452,0.2569873072756733
453,0.25702924963234836
454,0.2569873083574317
455,0.25698730583449864
456,0.25698730930611136
457,0.2569873102928895
458,0.256987310699876
459,0.2569873084670655
460,0.2569873107443462
461,0.25698730860080093
462,0.2569873072756733
463,0.2569873072756733
464,0.2569873089497629
465,0.2569873110965419
466,0.2569873072227233
467,0.2569873072756733
468,0.2569873072756733
469,0.2569873072756733
470,0.2569873072835155
471,0.2569873072756733
472,0.25698730728888897
473,0.25698730928070157
474,0.25698730728222546
475,0.25698730803248643
476,0.25698725172921744
477,0.2569870910379572
478,0.25687422275224286
479,0.25696809046724084
480,0.2572590358200741
481,0.25702714591386233
482,0.25706960604775364
483,0.25738490900491334
484,0.25698658142064973
485,0.2573924093725352
486,0.2569887505187824
487,0.25701155129981706
488,0.2569873054561602
489,0.25698452958504037
490,0.25698737769056756
491,0.25698228975243287
492,0.2569978769850017
493,0.2569873072595807
494,0.2569876898504329
495,0.25698798990671107
496,0.2569886790876174
497,0.2569873072756733
498,0.25698730828199506
499,0.2569874809792021
500,0.25698913261139555
501,0.2569872004676818
502,0.25698853253284326
503,0.2569930901954588
504,0.2569873174550391
505,0.25698730823453914
506,0.256987307799055
507,0.2569873095946522
508,0.2569873111143531
509,0.25698730969069983
510,0.25698730933726216
511,0.25698735362865816
512,0.25698730829716615
513,0.25698730867523445
514,0.2569873072910318
515,0.2569873081262474
516,0.2569873106467222
517,0.2569873036679289
518,0.25698730878997705
519,0.25698730727615393
520,0.2569873072531669
521,0.25698730878491766
522,0.2569873173106615
523,0.2569873093383055
524,0.25698730986380375
525,0.25698731320770185
526,0.2569873097533332
527,0.25698730661896696
528,0.2569873081361911
529,0.2569873101234573
530,0.25698730952147114
531,0.2569873083436669
532,0.2569873071882569
533,0.2569853879521126
534,0.25701346571590333
535,0.2569870276738636
536,0.25698698208210125
537,0.2569873185455243
538,0.25698715793324917
539,0.256988823897892
540,0.25698733261552764
541,0.2569873099598583
542,0.25698730650946394
543,0.2569873088356566
544,0.25698730861145386
545,0.25698730734400216
546,0.2569873072586619
547,0.2569873072756733
548,0.25698730703841616
549,0.25698730712396906
550,0.2569873072756733
551,0.2569873072756733
552,0.2569873072756733
553,0.2569873072756733
554,0.2569873072756733
555,0.2569873072756733
556,0.2569873072756733
557,0.2569873072756733
558,0.2569873072756733
559,0.2569873072756733
560,0.2569873072756733
561,0.2569873072756733
562,0.2569873072756733
563,0.2569873072756733
564,0.2569873072756733
565,0.2569873072756733
566,0.2569873072756733
567,0.2569873072756733
568,0.2569873072756733
569,0.2569873072756733
570,0.2569873072756733
571,0.2569873072756733
572,0.2569873072756733
573,0.2569873072756733
574,0.2569873072756733
575,0.2569873072756733
576,0.2569873073805328
577,0.2569873073275695
578,0.25698730731698477
579,0.25698730740492776
580,0.25698730740722603
581,0.2569873072756733
582,0.25698730732592856
583,0.2569873073224216
584,0.2569873072756733
585,0.2569873072971698
586,0.2569873072756733
587,0.2569873072909599
588,0.2569873072756733
589,0.2569873072756733
590,0.2569873072756733
591,0.25698730726745966
592,0.2569873072740554
593,0.25698730725215085
594,0.2569873072756733
595,0.2569873072756733
596,0.2569873077403193
597,0.25698730901159983
598,0.25698730809314035
599,0.2569873070271519
600,0.25699626133635856
601,0.25699725777061216
602,0.2569938521974233
603,0.2569873989656264
604,0.2569876088877121
605,0.2569870749818984
606,0.2569872553872943
607,0.2569886718012463
608,0.25698900163269134
609,0.25698730386354784
610,0.25684936610156284
611,0.25697479065128404
612,0.25698715859658905
613,0.25698725520891347
614,0.2569873086857112
615,0.2569876300450879
616,0.2569871457264087
617,0.25698730723263047
618,0.25698730992545316
619,0.2569873056129637
620,0.25698730773904244
621,0.2569873072756733
622,0.2569935722659686
623,0.25698732679267616
624,0.2569875450427448
625,0.2569873393840538
626,0.2569873076076158
627,0.25698730727409475
628,0.2569873064922148
629,0.25698730867387676
630,0.2569873072976881
631,0.25698730734705105
632,0.256987307589638
633,0.2569873102128349
634,0.2569873282877263
635,0.2569873060481106
636,0.25698730730617236
637,0.25698730901763184
638,0.25698730778050743
639,0.25698731026822647
640,0.25698731035046296
641,0.25698730929015823
642,0.2569873101063878
643,0.2569873072864967
644,0.2569873095596283
645,0.25698730894163146
646,0.2569873100889606
647,0.2569873098617875
648,0.2569873111572171
649,0.25698730836153116
650,0.2569873076674329
651,0.2569873095264774
652,0.25698730674345643
653,0.2569873095781496
654,0.2569873072756733
655,0.2569873082098522
656,0.2569873072756733
657,0.25698731055067486
658,0.25698731235138783
659,0.2569873080177134
660,0.2569873084204975
661,0.25698730721092816
662,0.2569873099616212
663,0.25698730917157453
664,0.2569873105175736
665,0.2569873053641644
666,0.2569873079374219
667,0.25698731073976566
668,0.25698730969884165
669,0.2569873056246741
670,0.2569873097611507
671,0.25698730964935973
672,0.25698729262033254
673,0.2569873090371245
674,0.25698730797739644
675,0.2569873077899451
676,0.25698731170092126
677,0.25698731022654947
678,0.256987309355839
679,0.25698731008870207
680,0.2569874115842963
681,0.2569796998824688
682,0.2569884431906654
683,0.25698729673276
684,0.2569863813577617
685,0.25698565478665475
686,0.25698177014942797
687,0.2569856625036475
688,0.2569915098841268
689,0.25698731060570623
690,0.25698730890894617
691,0.256987308130507
692,0.25698731050270546
693,0.2569873073175658
694,0.2569873098193094
695,0.25698726726467047
696,0.2569873071530002
697,0.2569873083022839
698,0.2569873055469187
699,0.2569873095599653
700,0.2569873082508616
701,0.2569873078943495
702,0.2569873492249074
703,0.2569873072658594
704,0.2569873072756733
705,0.2569873072756733
706,0.256987305912589
707,0.25698730858851054
708,0.2569873074063802
709,0.25698730912664075
710,0.25698731118290635
711,0.25698731048311324
712,0.2569873090504581
713,0.25698730897816807
714,0.25698730967189637
715,0.25698730732150166
716,0.2569873105469631
717,0.2569873085016534
718,0.2569873091295956
719,0.2569873072756733
720,0.25698730784574386
721,0.25698730945147286
722,0.25698730813199777
723,0.2569873064803513
724,0.25690450267440246
725,0.2569873082250098
726,0.2569873098372075
727,0.2569873111192692
728,0.2569873079276902
729,0.2569873101756597
730,0.2569873077338832
731,0.2569873078797875
732,0.25698730833756817
733,0.25698731063820435
734,0.2569873057619265
735,0.25698730708946294
736,0.2569873077396821
737,0.2569873072756733
738,0.2569648903446461
739,0.2569873072756733
740,0.25698732534881547
741,0.25698740305205875
742,0.2569115242748733
743,0.25698156089634544
744,0.256987085299538
745,0.2569873559816061
746,0.2569873411872703
747,0.2569872299202476
748,0.25698729209092025
749,0.25698745318163135
750,0.2569874766559268
751,0.25667598486717214
752,0.2569877654103768
753,0.25698728738517973
754,0.25696525969979894
755,0.2569879809607007
756,0.2569873353918976
757,0.256987320056349
758,0.2569888692280897
759,0.2570112073868076
760,0.2569879555852609
761,0.2569884556492825
762,0.2569874062477396
763,0.2569885952787467
764,0.2569895262160213
765,0.25698841941034195
766,0.2569879589584812
767,0.2569872252687268
768,0.25697259769831654
769,0.2569872558337712
770,0.25698730996877267
771,0.2569873063372872
772,0.25698730770845807
773,0.25698730959268856
774,0.25698730832655003
775,0.25698730991386154
776,0.256987307829525
777,0.25698731072535547
778,0.25698730900477706
779,0.2569873084683622
780,0.2569873146193109
781,0.25698734362228504
782,0.25698731061840613
783,0.25698730924975177
784,0.2569873106074414
785,0.2569875260806417
786,0.25698732691337695
787,0.2569873103129171
788,0.25698730936717906
789,0.25698730903956285
790,0.25698734660624645
791,0.25698732149878883
792,0.2569873210699775
793,0.25698730883175047
794,0.25698730867578207
795,0.2569873072756733
796,0.2569873059765496
797,0.2569873090191341
798,0.2569873076220629
799,0.25698730982153306
800,0.2569873082834848
801,0.256987307399545
802,0.2569873083563841
803,0.25698730811541165
804,0.25695345277955056
805,0.2569869070945871
806,0.2569874148483468
807,0.2569872758480928
808,0.25698730912992146
809,0.256987309769712
810,0.2569873072886012
811,0.25698730790652397
812,0.25698730751832694
813,0.25698604870975755
814,0.25698730917098145
815,0.256987304364547
816,0.2569873084186187
817,0.25698731024535015
818,0.2569873083686511
819,0.2569873093349642
820,0.25698731000923014
821,0.2569872991632191
822,0.2569873083019974
823,0.25698731070535463
824,0.25698431859903054
825,0.25698730830853184
826,0.2569872901960471
827,0.2569875994296768
828,0.2569875138016677
829,0.25696986094060376
830,0.25698440236214803
831,0.25698438380645605
832,0.25698730912313794
833,0.25698730886002763
834,0.25698730215749543
835,0.2569873062474397
836,0.25698730932644887
837,0.2569871089302963
838,0.2569873084948789
839,0.2569873090461752
840,0.2569873097528713
841,0.25698730755163063
842,0.2569873101828143
843,0.25698730733893527
844,0.25698730914213286
845,0.2569873061681388
846,0.25698730716542995
847,0.2569873072832495
848,0.2569873072061744
849,0.25698731041410944
850,0.2569873063613473
851,0.25698730806666775
852,0.25698730841634215
853,0.2569873076132252
854,0.2569873112440762
855,0.2569873072756733
856,0.25698731081908627
857,0.256987310517199
858,0.25698730727011987
859,0.25698731130891506
860,0.25698730837694456
861,0.256987310022337
862,0.25698730727940455
863,0.2569873068643627
864,0.2569873086898805
865,0.2569872013296561
866,0.2569854888208882
867,0.25698730943322246
868,0.2569880789257232
869,0.2569872993885186
870,0.25698730216037774
871,0.2569884979454802
872,0.25698812907839674
873,0.2569873157601303
874,0.256987418727811
875,0.2569862940036567
876,0.25698860247916383
877,0.25698843881375183
878,0.256987267477984
879,0.25698723398020973
880,0.25700994940712507
881,0.25700016270180326
882,0.2569956486542388
883,0.25700991922713556
884,0.25702086357905823
885,0.257011190385136
886,0.25698731779652645
887,0.25698738140840655
888,0.25698739283523137
889,0.2569782433428144
890,0.25698658939811614
891,0.25696210599628916
892,0.25697642977452895
893,0.25698931522382984
894,0.2569873717067318
895,0.2569874725810494
896,0.2569873085489662
897,0.25698733470139273
898,0.25698752373916156
899,0.25698732340442865
900,0.25698730727238156
901,0.25698726597441734
902,0.25698732287756965
903,0.25698736236725983
904,0.256987307398671
905,0.2569873093408394
906,0.2569873072756733
907,0.25698730782400037
908,0.25701140982142545
909,0.256987494715618
910,0.25698745998638844
911,0.2569873080004639
912,0.25698733218817027
913,0.25698733110082644
914,0.256987359220979
915,0.25698730960212224
916,0.25698730780279705
917,0.25698752674673464
918,0.2569873072335739
919,0.25698730779227097
920,0.25698731022023996
921,0.25698730902280237
922,0.25698726250678544
923,0.2569873072756733
924,0.25698708407903065
925,0.25698723714917443
926,0.2569880690430194
927,0.256987307285517
928,0.2569873062163578
929,0.25698730976391015
930,0.25698730494939626
931,0.25698730775074763
932,0.2569873092626828
933,0.25698730851471224
934,0.2569872826509208
935,0.25698729608471543
936,0.2569873068213602
937,0.2569873114487564
938,0.25698730950717963
939,0.256987312181416
940,0.25698730722402796
941,0.2569873073091539
942,0.2569873073175548
943,0.2569873065871614
944,0.25698730907728323
945,0.2569873101913922
946,0.25698730772481454
947,0.2569873088474679
948,0.2569873073384719
949,0.2569873073200739
950,0.2569873072887702
951,0.2569873073275845
952,0.25698730731696995
953,0.2569873073726502
954,0.25698730736810904
955,0.2569873072713718
956,0.2569873072887702
957,0.25698730727328317
958,0.2569873072750275
959,0.2569873073503903
960,0.25698730730837815
961,0.25698730740194975
962,0.2569873072756733
963,0.2569873073903603
964,0.2569873072893608
965,0.2569873072762547
966,0.25698730727815194
967,0.2569873073522371
968,0.2569873074179025
969,0.25698730728429825
970,0.256987307219161
971,0.25698730727690455
972,0.2569873073012963
973,0.2569873072756733
974,0.2569873072555483
975,0.2569873072756733
976,0.2569873073100342
977,0.25698730730887026
978,0.25698730727938074
979,0.25698730731658725
980,0.25698730726504876
981,0.2569873072756733
982,0.2569873072714244
983,0.25698730727847746
984,0.25698730727523317
985,0.25698730895479255
986,0.2569873072984126
987,0.25698730727609026
988,0.2569873112812229
989,0.2569873072756733
990,0.2569873087159731
991,0.2569873109316654
992,0.2569873072751229
993,0.25698730728881836
994,0.2569873072944505
995,0.2569873072756733
996,0.2569873072838775
997,0.2569873072756733
998,0.2569873072756733
999,0.25698730728983504
1000,0.25698730727506985
1001,0.256987307285498
1002,0.25698730727522767
1003,0.2569873073283735
1004,0.2569873072185944
1005,0.25698730726330926
1006,0.2569873073485644
1007,0.25698730727528885
1008,0.2569873072843129
1009,0.25698730727360686
1010,0.2569873072756733
1011,0.2569873074045597
1012,0.2569873072784774
1013,0.25698730846610607
1014,0.25695672691165405
1015,0.2569862707095266
1016,0.25698709441118534
1017,0.2569960305472602
1018,0.25698730986081825
1019,0.2569902127161758
1020,0.25698730962136335
1021,0.2569873108632
1022,0.2569873072756733
1023,0.2569873072756733
1024,0.2569873103271683
1025,0.2569873095483705
1026,0.25698730951418286
1027,0.25698730817813203
1028,0.25698730836203165
1029,0.2569873072723785
1030,0.2569873101118475
1031,0.2569873081887509
1032,0.2569873096685349
1033,0.2569873073003039
1034,0.25698730733467573
1035,0.25698730732372654
1036,0.2569873074075678
1037,0.25698730726471436
1038,0.2569873073488203
1039,0.25698730728918273
1040,0.25698730740861414
1041,0.2569873074057983
1042,0.2569873073233527
1043,0.2569873073297277
1044,0.2569873072756733
1045,0.2569873072756107
1046,0.25698730727897223
1047,0.25698730729290953
1048,0.25698730735355985
1049,0.2569873072756733
1050,0.25698730740832615
1051,0.2569873072756733
1052,0.25698730721289176
1053,0.2569873072022678
1054,0.25698730734980185
1055,0.2569873072756733
1056,0.25698730727855795
1057,0.25698730728072805
1058,0.2569873072767687
1059,0.25698730733370084
1060,0.2569873072756733
1061,0.2569873072756733
1062,0.2569873072756733
1063,0.2569873072756733
1064,0.2569873072756733
1065,0.2569873072769202
1066,0.2569873072756733
1067,0.2569873072756733
1068,0.2569873072756733
1069,0.2569873072756733
1070,0.2569873072756733
1071,0.2569873072756733
1072,0.2569873072756733
1073,0.2569873101798888
1074,0.25698730728783564
1075,0.25698730727925506
1076,0.25699684636753245
1077,0.25698729132553844
1078,0.2569894025557357
1079,0.25699033694950196
1080,0.25701858337592054
1081,0.2570288797455349
1082,0.2569888688535309
1083,0.2569873118551039
1084,0.2569873109461714
1085,0.25699771962058365
1086,0.25698730133330855
1087,0.25702337920885143
1088,0.25700602257140515
1089,0.2569908171062171
1090,0.25698730934175806
1091,0.2569873269014937
1092,0.2569873204872213
1093,0.2569847119167921
1094,0.256987475154156
1095,0.25698739076112337
1096,0.2569873072821025
1097,0.2569873133228892
1098,0.2569873099935876
1099,0.2569873064580922
1100,0.25698730844481416
1101,0.25698735117605526
1102,0.256987348023022
1103,0.25698730994095464
1104,0.2569873135985735
1105,0.25698731105474343
1106,0.25698731499873134
1107,0.25698756152806534
1108,0.25698739631797074
1109,0.2569873156247889
1110,0.25698732413903175
1111,0.25698730710510814
1112,0.256987308792733
1113,0.2569873136272625
1114,0.2569873064802788
1115,0.256987309780429
1116,0.25698730729264385
1117,0.256987313800418
1118,0.25698727929908877
1119,0.2569873072756733
1120,0.2569873072756733
1121,0.2569873098292922
1122,0.25698726721989823
1123,0.2569873023846926
1124,0.25698695448580655
1125,0.25698663893972284
1126,0.2569872791790295
1127,0.2569873034311443
1128,0.25698730163428535
1129,0.25698730110388945
1130,0.25698743604841234
1131,0.2569873086594131
1132,0.25698730802779696
1133,0.25698731094373206
1134,0.25698731100744543
1135,0.25698731023041266
1136,0.2569873113587545
1137,0.25698730329075126
1138,0.2569873096795705
1139,0.25698730525012653
1140,0.2569873073488691
1141,0.2569873073258805
1142,0.25698730731254665
1143,0.2569873073697561
1144,0.25698734376180465
1145,0.25698730768225125
1146,0.25698730810145765
1147,0.2569873100472769
1148,0.25698730845696094
1149,0.25698768295890695
1150,0.25698730859139407
1151,0.25698730932535047
1152,0.25698731920604684
1153,0.2569873098229368
1154,0.2569873103746956
1155,0.2569873074034983
1156,0.2569873090531572
1157,0.25698731068490954
1158,0.2569873068045185
1159,0.25698730750223975
1160,0.25698730722428176
1161,0.2569873072920759
1162,0.2569873071607004
1163,0.2569873106086883
1164,0.2569873072756733
1165,0.256987311063273
1166,0.2569873086815036
1167,0.2569873099161672
1168,0.2569873086819237
1169,0.256987310934978
1170,0.2569873084494086
