reaction_index,Temp 1292.51
0,3.5970342157889843
1,3.627180168709621
2,3.6270620808857723
3,3.624806928010676
4,3.6272196972160478
5,3.627222747983036
6,3.6272228456732942
7,3.627222759753894
8,3.627222681687122
9,3.6272227202168583
10,3.627222759753894
11,3.6272228359413745
12,3.627223453563522
13,3.6272227659227236
14,3.626917465216695
15,3.6281174937242096
16,3.6272603180380325
17,3.6275467567731994
18,3.628180548280221
19,3.6275687762425624
20,3.6272451422411676
21,3.6261500055451465
22,3.627362851892407
23,3.627245056222474
24,3.6272363139943793
25,3.627245504736324
26,3.627295391968811
27,3.6272879352917204
28,3.627702023827689
29,3.627222573693403
30,3.627222693189328
31,3.627224175079107
32,3.6272195880411577
33,3.627304303870441
34,3.627237104142359
35,3.626615198668253
36,3.6272227428745074
37,3.624204462600141
38,3.6273081008201555
39,3.627222750421204
40,3.6272227437015574
41,3.6277443099214906
42,3.6273641325033363
43,3.6272290015908593
44,3.6272227801820582
45,3.6272231902259233
46,3.6272248006096217
47,3.627224005032771
48,3.6272015296286493
49,3.62722271053685
50,3.627222454000454
51,3.627222810454986
52,3.6276305637091535
53,3.627032998851403
54,3.6267142784253217
55,3.627223113369838
56,3.627227758688953
57,3.6278655384225007
58,3.62791870025501
59,3.627575034661458
60,3.627326738156459
61,3.6272474504939773
62,3.6273144094580827
63,3.6250150278511923
64,3.625209026896164
65,3.627349873234246
66,3.627252620475061
67,3.6271611699940016
68,3.6279522596855376
69,3.627184460734335
70,3.6272222446712687
71,3.6272254124537864
72,3.627216341467614
73,3.6276186943886066
74,3.6272207728997676
75,3.6272266774581285
76,3.627225121095309
77,3.6272245645370553
78,3.627228730891417
79,3.627224767276359
80,3.627223424182725
81,3.627399684605212
82,3.627131269228649
83,3.62821752631112
84,3.6272300916365503
85,3.627237590928736
86,3.6272276623353554
87,3.6272227998509976
88,3.6272228458304285
89,3.6272227213696318
90,3.6272227310188576
91,3.627222724280586
92,3.6249882115901584
93,3.627241174413697
94,3.6250967560084515
95,3.6272230975788804
96,3.6272250518934235
97,3.627222772271226
98,3.6272281128238393
99,3.6272227694083052
100,3.627222703174203
101,3.627213465118341
102,3.6272210481631375
103,3.6272306437799338
104,3.627223393380898
105,3.627222832623555
106,3.627222749776353
107,3.627222792853338
108,3.627238336359019
109,3.6273904351630026
110,3.6272101481318497
111,3.62720795940532
112,3.627154231801018
113,3.6272243809485865
114,3.6272374665439417
115,3.627253559780548
116,3.627251231214529
117,3.6272227324608433
118,3.627231910650745
119,3.627222463475359
120,3.62722273449709
121,3.627222666114395
122,3.6272227257623837
123,3.6272238537574037
124,3.627229516146767
125,3.627222173445753
126,3.6272231517259224
127,3.6271747134019474
128,3.6272228564761386
129,3.6272227180089565
130,3.627222750550614
131,3.6271802283707926
132,3.6270621146037687
133,3.6259103989044825
134,3.6272437224216256
135,3.627249291650616
136,3.6269676214690203
137,3.631982109136353
138,3.6213702169620783
139,3.62769909156971
140,3.622788162604674
141,3.627357337961197
142,3.627141456876914
143,3.6272227979745053
144,3.627225096501614
145,3.6272816727640613
146,3.6272225206979356
147,3.6272280111901236
148,3.6272239530522583
149,3.6272583140228907
150,3.627516895428495
151,3.6272132811281885
152,3.627222735663055
153,3.627222739456781
154,3.6272225826673776
155,3.627568743729542
156,3.627245124127753
157,3.627319599886051
158,3.627256646120842
159,3.6260483336063354
160,3.6270754829504157
161,3.627935408525398
162,3.6272381690920885
163,3.6272306575975923
164,3.627222718767248
165,3.6186444894452956
166,3.6272237346260168
167,3.627153115997771
168,3.6272455011563274
169,3.6272954339718937
170,3.6262398350969964
171,3.6265514158182977
172,3.627226142001801
173,3.6272339547274863
174,3.6272286156979416
175,3.626503140844238
176,3.6272572038914856
177,3.6272239677566427
178,3.6271838157140563
179,3.6089915459246704
180,3.6272302354919055
181,3.6261093595243565
182,3.627219473930698
183,3.6272277134187068
184,3.6272268598203325
185,3.626602563278435
186,3.627222691910017
187,3.627265118404703
188,3.627222720539486
189,3.627223317622727
190,3.6272696781614626
191,3.627257985253804
192,3.6272230028018573
193,3.6272229376535106
194,3.6272227212586783
195,3.6272227668310064
196,3.627222757828263
197,3.627222708492119
198,3.627222770979174
199,3.6272227457920456
200,3.6272228012601024
201,3.627223271256908
202,3.6272407657804524
203,3.627222943069011
204,3.627222754522341
205,3.627222717763299
206,3.6272227029894157
207,3.627222733822747
208,3.627222725916965
209,3.6272227997993634
210,3.627222736335243
211,3.6272227624439752
212,3.627222762754324
213,3.6272227602366987
214,3.6272227588228017
215,3.627222760057367
216,3.627222759310599
217,3.6272227348279973
218,3.627222759792601
219,3.6272227607245284
220,3.627222758430992
221,3.6272227612168644
222,3.6272227601782947
223,3.627222761607006
224,3.6272227601205844
225,3.627224743336875
226,3.6272130024971183
227,3.6380606909731004
228,3.6278889390540026
229,3.628122302221327
230,3.6270363255212534
231,3.6275197321527104
232,3.6272229818471597
233,3.627221656123282
234,3.6272231235293093
235,3.627222766806468
236,3.6272227737157454
237,3.6272227290919
238,3.6272227692025396
239,3.627227571274445
240,3.6272228269893305
241,3.6272227566968165
242,3.627213698722303
243,3.6272111476417166
244,3.634184462187494
245,3.6276573310152536
246,3.628511050071737
247,3.627051505970445
248,3.627000955544869
249,3.627222708645802
250,3.6272229870418187
251,3.6240224937459575
252,3.6270771142562466
253,3.6272229594843184
254,3.6272226796292264
255,3.6272228171952112
256,3.627222735814576
257,3.627222774350096
258,3.627223755530896
259,3.627222803481216
260,3.6272227616630124
261,3.625777334172093
262,3.627222727126563
263,3.6272227493099174
264,3.627231007225456
265,3.627222759753894
266,3.6274462412018758
267,3.6273744060254267
268,3.627250240036273
269,3.6261260074052553
270,3.6271579477593168
271,3.6257909961689805
272,3.6275535582831417
273,3.627374790714608
274,3.6260465966605184
275,3.626999320619966
276,3.629060407288977
277,3.6283010797922732
278,3.6272227603570797
279,3.627222761708711
280,3.627222858121088
281,3.6272228835599014
282,3.627222804759533
283,3.627222858121088
284,3.627074458220067
285,3.626473566733346
286,3.6272223223381603
287,3.627216596984075
288,3.627222784864007
289,3.627222788639943
290,3.6272227390756004
291,3.6272228636046275
292,3.6272238832492683
293,3.6272423198228183
294,3.6272224932235675
295,3.627222761206953
296,3.627222870674566
297,3.6272236596913787
298,3.627222753653349
299,3.6272228241965143
300,3.627249016226458
301,3.627269506015598
302,3.627230003640759
303,3.627127796747286
304,3.6270787368447652
305,3.62722273506392
306,3.627222760213389
307,3.627222772837683
308,3.6272227452289925
309,3.627222748990547
310,3.6272227363608263
311,3.6272227468595313
312,3.6272227539900084
313,3.62722444425357
314,3.6272295273590167
315,3.6272226736293507
316,3.6272227354471824
317,3.6272227367399266
318,3.627222734633575
319,3.6272227371325427
320,3.627222759753894
321,3.627222973755207
322,3.6272220036714407
323,3.627140949334957
324,3.627206953184499
325,3.6272192344255516
326,3.6272275801208274
327,3.627215850254211
328,3.627335541281351
329,3.6272110977116983
330,3.6272286419765787
331,3.6271985571719285
332,3.6272227216223554
333,3.6272227552804543
334,3.6271963474056808
335,3.6272258962223427
336,3.627246067084198
337,3.6272227079644503
338,3.627222729742611
339,3.6336919661652893
340,3.6272325213291303
341,3.627215477298745
342,3.627890896670333
343,3.6270868771136415
344,3.6269620203055952
345,3.6272095980741117
346,3.6256448832635755
347,3.627228995600516
348,3.6271540682972705
349,3.6272231686644902
350,3.6272228956417845
351,3.6272290864825214
352,3.627223137443167
353,3.6272227608131735
354,3.627222760136659
355,3.6272226460153165
356,3.627222781434534
357,3.6272227564346795
358,3.6272227348408315
359,3.6272227661980274
360,3.627222733044698
361,3.6272227298153576
362,3.627222754425592
363,3.627222941086397
364,3.627223095928286
365,3.627222717156079
366,3.627222733879453
367,3.627222743052462
368,3.627222701679787
369,3.6272227020432197
370,3.6272227068810863
371,3.627222752130445
372,3.627222760132434
373,3.627222734047583
374,3.627222762243256
375,3.6272227253274174
376,3.62722272715244
377,3.627222722745593
378,3.6272229698837783
379,3.627455867557719
380,3.627222744625575
381,3.6272228229682946
382,3.6272231398377293
383,3.627222735964745
384,3.6272227023864354
385,3.627222725607959
386,3.627222732312373
387,3.627197250707237
388,3.6270509732319702
389,3.6272227597807167
390,3.627222800493351
391,3.6272227313562855
392,3.627222736037089
393,3.6272227397945107
394,3.627222746338323
395,3.6272227177665286
396,3.6272227403883415
397,3.6272227358450357
398,3.627222715986713
399,3.6272227369539793
400,3.6272228499536827
401,3.627222700806806
402,3.6272227212335277
403,3.6272227221434075
404,3.6272227369829873
405,3.6272227509231216
406,3.618813448362088
407,3.626190225035319
408,3.6271134109165892
409,3.627226773768034
410,3.627224894814258
411,3.627222785180297
412,3.627223917319101
413,3.6272116240989405
414,3.627283418298523
415,3.627223842558734
416,3.6272227595653517
417,3.6271542107208625
418,3.6272227041139873
419,3.6272136348502393
420,3.627222871216342
421,3.6272270177040045
422,3.627225870705433
423,3.6272225251610553
424,3.6272227279818194
425,3.627222717811354
426,3.627222730129163
427,3.627223315935165
428,3.6272227145392275
429,3.627223430503668
430,3.627222761554632
431,3.6272232546501777
432,3.6272229173807777
433,3.6271308428352427
434,3.627222719489453
435,3.6272241659113744
436,3.6272227400916535
437,3.6272227100674357
438,3.627222705626439
439,3.6272227187309345
440,3.62722274337931
441,3.6272227241368764
442,3.627222717448975
443,3.627222746672608
444,3.627222732377634
445,3.62722274770167
446,3.62722276255288
447,3.627222717403309
448,3.627222726635363
449,3.627222733179059
450,3.627222759753894
451,3.6272227252341955
452,3.6272227382247406
453,3.627765943567785
454,3.627222706591606
455,3.6272227308861695
456,3.6272227643157677
457,3.6272227234466596
458,3.6272227279607447
459,3.6272227178027743
460,3.62722275941573
461,3.6272227071179186
462,3.6272227597981916
463,3.627222759857663
464,3.6272227590227146
465,3.627222756464006
466,3.627222716443423
467,3.6272227588087267
468,3.627222759753894
469,3.6272227449976766
470,3.62722275943605
471,3.6272227557378827
472,3.627222748648436
473,3.627222750124727
474,3.627222759753895
475,3.627222746504799
476,3.627219721772834
477,3.62720893315355
478,3.6262444639759126
479,3.627077353993629
480,3.6288890475382742
481,3.627742174014438
482,3.628195704068862
483,3.6324438258832044
484,3.62718960653125
485,3.6311954153576096
486,3.6274233481663627
487,3.627698480221084
488,3.6272224630265844
489,3.6271933028331813
490,3.6272241499724394
491,3.6269719721843106
492,3.627345187768451
493,3.6272227628104905
494,3.6272272499996996
495,3.627235961632222
496,3.6272556514873444
497,3.6272227735564426
498,3.6272227543558673
499,3.627225836033528
500,3.6272372238526023
501,3.627218422317809
502,3.6272178535090434
503,3.6272489003198722
504,3.627222766638085
505,3.6272227271838715
506,3.6272227339175864
507,3.627222711894516
508,3.6272227282199867
509,3.627222725442022
510,3.627222746041486
511,3.627222878308675
512,3.627222732326323
513,3.6272227082660056
514,3.627222759805934
515,3.6272227084982824
516,3.6272227447665064
517,3.6272227400100188
518,3.6272227521744687
519,3.6272227249944256
520,3.627222740286645
521,3.6272227552941176
522,3.6272227617324226
523,3.6272227047513175
524,3.6272226909863643
525,3.627222763228382
526,3.6272227377235717
527,3.6272227216250594
528,3.627222730428955
529,3.627222693995046
530,3.627222715557291
531,3.6272227340382486
532,3.627222723241735
533,3.62720907455645
534,3.627939561032129
535,3.6272196445735836
536,3.627221188889124
537,3.627223002179558
538,3.627221182733815
539,3.6272623381485136
540,3.6272231703727558
541,3.6272227133162764
542,3.6272227357818796
543,3.6272227265606394
544,3.6272227119338503
545,3.6272227293631385
546,3.627222737336075
547,3.627222731553458
548,3.6272227272866653
549,3.627222727805649
550,3.627222759790789
551,3.6272227597856315
552,3.6272227597876094
553,3.627222759776464
554,3.62722275978272
555,3.6272227597742637
556,3.627222759741357
557,3.627222759753894
558,3.6272227598131463
559,3.627222759776565
560,3.6272227598404894
561,3.627222759929742
562,3.627222759759654
563,3.6272227597735784
564,3.6272227597841464
565,3.6272227598059312
566,3.6272227597782063
567,3.6272227597575974
568,3.627222759777141
569,3.627222759799072
570,3.627222759771788
571,3.6272227597533524
572,3.62722275974442
573,3.6272227598156683
574,3.627222759845168
575,3.6272227597714077
576,3.627222733617083
577,3.6272227591219304
578,3.6272227299978845
579,3.62722276305411
580,3.6272227566977864
581,3.627222759753894
582,3.627222761125392
583,3.6272227631966563
584,3.6272227597881623
585,3.6272227597026165
586,3.627222759753894
587,3.6272227339118706
588,3.6272227595877817
589,3.6272227597961044
590,3.627222759811913
591,3.6272227345957075
592,3.627222759778788
593,3.62722273505161
594,3.627222759058787
595,3.6272227599629843
596,3.6272227047463406
597,3.627222698583477
598,3.627222765702793
599,3.6272227360116958
600,3.627256348400506
601,3.6272802167175544
602,3.6272638304517852
603,3.6272238886866432
604,3.6272247091067054
605,3.6272036774572816
606,3.6272205808614646
607,3.6272498221130576
608,3.6272443166958426
609,3.627222590686342
610,3.6248458597959305
611,3.627051432951354
612,3.627228668665415
613,3.6272245556608054
614,3.6272224919501244
615,3.6272231718400967
616,3.62721113023548
617,3.627222759550774
618,3.62722276241613
619,3.6272226661552387
620,3.6272227431827937
621,3.6272227597673528
622,3.6272571822584845
623,3.6272227593367483
624,3.6272240492297767
625,3.627222883703773
626,3.627222765442989
627,3.6272226899098072
628,3.627222731075761
629,3.6272227374211603
630,3.6272227627301454
631,3.627222762024557
632,3.627222749431095
633,3.6272228014792915
634,3.6272235163095474
635,3.627222692141025
636,3.62722273370136
637,3.6272227173980807
638,3.627222718846567
639,3.6272227207755576
640,3.6272227176843264
641,3.6272227407206983
642,3.6272227228525638
643,3.6272227428311146
644,3.6272227179582743
645,3.627222696612161
646,3.62722271382994
647,3.6272227010567466
648,3.627222696210928
649,3.627222691231655
650,3.627222712868476
651,3.627222733628675
652,3.627222721268773
653,3.6272227100509733
654,3.6272227556444774
655,3.627222712237127
656,3.6272227303414466
657,3.6272227867577618
658,3.6272227080687305
659,3.627222710213597
660,3.6272227165707127
661,3.6272227033143802
662,3.6272227502855707
663,3.627222723482522
664,3.627222721539751
665,3.627222712350673
666,3.6272227635344723
667,3.6272227476576258
668,3.6272227425096992
669,3.627222673863794
670,3.6272227174249503
671,3.627222711921201
672,3.6272225641037488
673,3.6272227109089528
674,3.627222725319256
675,3.627222721288011
676,3.6272227057689728
677,3.6272227168851208
678,3.627222756987799
679,3.627222749056379
680,3.6272231908402133
681,3.627119816177795
682,3.627241416838312
683,3.62722246143784
684,3.6272118025527478
685,3.627208693160839
686,3.627181354335927
687,3.6272124147995064
688,3.6272998961193452
689,3.627222715462771
690,3.627222760051922
691,3.627222693466298
692,3.6272227284810556
693,3.627222759527028
694,3.627222734629176
695,3.627223548101207
696,3.627222722546972
697,3.627222748526793
698,3.627222721074722
699,3.6272227467161473
700,3.627222747500672
701,3.627222718497975
702,3.627221841433561
703,3.627222715448678
704,3.627222760977352
705,3.627222732620904
706,3.6272227125513243
707,3.627222738899757
708,3.627222763209364
709,3.627222725932427
710,3.6272227437644844
711,3.6272227650145017
712,3.6272227006776827
713,3.627222717385356
714,3.6272227359781826
715,3.627222718653289
716,3.6272227556240257
717,3.627222749607765
718,3.627222712183805
719,3.6272227598097513
720,3.627222761571658
721,3.6272227650541535
722,3.627222763131712
723,3.6272226958136202
724,3.626891469072733
725,3.6272227273900035
726,3.627222731440102
727,3.6272227093021905
728,3.627222715231657
729,3.6272227375096
730,3.627222763846994
731,3.627222707666176
732,3.6272227254509124
733,3.6272227087289544
734,3.6272227104208405
735,3.627222703950015
736,3.62722270347483
737,3.627222759753894
738,3.6271493490821913
739,3.627222759753894
740,3.627222730801874
741,3.6272228220542178
742,3.6270881548821463
743,3.6272034583817616
744,3.6272219596081383
745,3.6272229375173475
746,3.6272228543476577
747,3.6272224699598867
748,3.6272226702828614
749,3.627223001257654
750,3.6272233312186994
751,3.6259463937254797
752,3.6272230891937673
753,3.6272226205869265
754,3.62712113705968
755,3.627225072821102
756,3.6272227613719994
757,3.6272227224101186
758,3.6272352256975537
759,3.627309164857668
760,3.627225201175138
761,3.6272302417359543
762,3.6272233866944292
763,3.627227475512254
764,3.6272295358422504
765,3.627224380219053
766,3.627223599072714
767,3.627222659979159
768,3.627173933215455
769,3.6272226423653295
770,3.6272227426085304
771,3.6272227769808123
772,3.6272227481585873
773,3.6272227213983337
774,3.6272227130269665
775,3.6272227343434
776,3.6272227342924874
777,3.6272227572510154
778,3.6272227255117935
779,3.6272227607697505
780,3.62722273974829
781,3.6272229033231014
782,3.6272227127352887
783,3.627222747118109
784,3.6272227225316227
785,3.627223376955722
786,3.6272228097484716
787,3.6272227500106373
788,3.6272227180476873
789,3.627222739606449
790,3.6272227522350162
791,3.6272227469494096
792,3.627222826511792
793,3.627222759825785
794,3.627222743720938
795,3.6272227597880278
796,3.6272227266616532
797,3.627222733890163
798,3.6272227587270334
799,3.6272227190236332
800,3.627222686334863
801,3.6272227380416253
802,3.6272227455015087
803,3.6272227561358017
804,3.6249666074011992
805,3.6271267416625523
806,3.6272046292914575
807,3.627220286087387
808,3.6272227323254422
809,3.6272226752247616
810,3.6272227600271045
811,3.627222710696143
812,3.6272227149066656
813,3.6272056483101185
814,3.6272227124687966
815,3.6272227103827017
816,3.6272227689114174
817,3.627222725790274
818,3.627222722160634
819,3.627222706567043
820,3.6272227278813447
821,3.6272227136229716
822,3.6272227622676114
823,3.6272227103183865
824,3.6272022635471877
825,3.627222690326939
826,3.627222579969092
827,3.6273334836417876
828,3.627212234406957
829,3.627162040195821
830,3.6272118072806143
831,3.6271177655587876
832,3.6272227166067257
833,3.627222699954354
834,3.6272223829328483
835,3.6272227528104866
836,3.6272227198720812
837,3.6272188691567395
838,3.6272227380464512
839,3.6272227400155943
840,3.6272227151120906
841,3.627222695000802
842,3.627222730681181
843,3.6272227573251032
844,3.6272226871113324
845,3.627222742169976
846,3.6272226863570016
847,3.627222733581736
848,3.6272227318607633
849,3.627222754041254
850,3.627222736997138
851,3.6272227355043327
852,3.6272227236986847
853,3.6272227387328577
854,3.6272227509192687
855,3.627222759816353
856,3.627222756255443
857,3.627222732991492
858,3.6272227702640674
859,3.6272227092078118
860,3.627222734176805
861,3.6272227183206973
862,3.6272227618569772
863,3.627222714659732
864,3.6272226874682927
865,3.627222512479716
866,3.62721795877426
867,3.627222741276131
868,3.627186557941587
869,3.627221043731377
870,3.627222627951921
871,3.6272080668173166
872,3.6272262075659123
873,3.627222697890997
874,3.627239473140339
875,3.6272015423740345
876,3.6272327740596877
877,3.6272320980615715
878,3.6272194879451853
879,3.627217496808442
880,3.6273017954234246
881,3.6272869981971514
882,3.6272454888091605
883,3.6273243490390934
884,3.6274985661086214
885,3.6274193047037424
886,3.627223458310077
887,3.627228877070487
888,3.6272249849186107
889,3.6271870623889084
890,3.627230771958861
891,3.626627117293865
892,3.6272285717893387
893,3.627224826715971
894,3.627223756499409
895,3.6272257626722584
896,3.627222758759888
897,3.6272230268681693
898,3.627223796552413
899,3.6272224731627385
900,3.627222761654752
901,3.6272242814612334
902,3.6272228430806974
903,3.6272236900077046
904,3.6272227182779733
905,3.6272227569078876
906,3.6272227597523066
907,3.6272227151193404
908,3.627289616404172
909,3.627226167191753
910,3.6272256916139836
911,3.62722273506576
912,3.627223018784406
913,3.6272229606294566
914,3.6272237152596705
915,3.6272227189102972
916,3.627222795452922
917,3.6272238744595713
918,3.6272227611362986
919,3.6272227192045503
920,3.627222745872787
921,3.6272227236159322
922,3.627222524657249
923,3.627222759757394
924,3.6272205328768314
925,3.6272219736769085
926,3.6272256984278366
927,3.62722276093874
928,3.627222708858274
929,3.6272227030943753
930,3.62722275373249
931,3.627222706750088
932,3.6272227278328053
933,3.6272227684186618
934,3.6272233478464084
935,3.627222948646128
936,3.6272227551297895
937,3.6272227297954824
938,3.627222707933432
939,3.6272227467689824
940,3.6272227490755515
941,3.6272227160181774
942,3.6272227590364756
943,3.62722272755217
944,3.6272227339762977
945,3.6272227407672215
946,3.6272227042240397
947,3.6272227125371925
948,3.6272227594183066
949,3.627222732757881
950,3.627222759754567
951,3.627222763563305
952,3.6272227609565313
953,3.6272227590773296
954,3.627222763971307
955,3.627222761728587
956,3.6272227619552706
957,3.6272227264067936
958,3.627222759249282
959,3.6272227605899183
960,3.6272227615229324
961,3.6272227389859824
962,3.627222759753894
963,3.6272227572054834
964,3.6272227592366706
965,3.6272227626550007
966,3.6272227572368387
967,3.6272227571291613
968,3.6272227596639186
969,3.6272227620419857
970,3.6272227592479727
971,3.6272227566961543
972,3.6272227581573318
973,3.627222760245217
974,3.6272227606346363
975,3.627222759753894
976,3.627222756694686
977,3.627222756694686
978,3.6272227358036
979,3.6272227570202715
980,3.627222758670803
981,3.6272227603961626
982,3.627222758884222
983,3.627222760849319
984,3.627222759248125
985,3.6272227419842613
986,3.6272227598099813
987,3.627222762953513
988,3.6272227207039616
989,3.627222759753894
990,3.627222733826172
991,3.627222737746613
992,3.627222759819472
993,3.6272227566961543
994,3.627222730905175
995,3.627222759753894
996,3.6272227600215974
997,3.6272227593524544
998,3.627222759753894
999,3.6272227598350595
1000,3.627222757745718
1001,3.6272227378922204
1002,3.627222752917716
1003,3.627222734598554
1004,3.627222734518213
1005,3.6272227391695555
1006,3.6272227348214976
1007,3.6272227340559264
1008,3.627222735431095
1009,3.627222760233478
1010,3.627222759753894
1011,3.6272227580577496
1012,3.6272227637587027
1013,3.627222734657118
1014,3.626896118920397
1015,3.627199140454597
1016,3.627214237813764
1017,3.627318520488251
1018,3.6272227503981362
1019,3.627251872815447
1020,3.627222719727996
1021,3.627222729374206
1022,3.627222759753894
1023,3.627222759753894
1024,3.6272227576028113
1025,3.627222736737774
1026,3.627222716607953
1027,3.627222759760659
1028,3.6272227226992064
1029,3.627222759753894
1030,3.6272227218655235
1031,3.6272227038115723
1032,3.62722272202568
1033,3.6272227367797907
1034,3.6272227270781086
1035,3.6272227359224
1036,3.627222758745678
1037,3.6272227557500942
1038,3.627222733764234
1039,3.6272227280857385
1040,3.627222763343053
1041,3.627222761455278
1042,3.6272227381133155
1043,3.6272227367912153
1044,3.627222759753894
1045,3.6272227624797093
1046,3.627222760221653
1047,3.62722276602664
1048,3.6272227332687987
1049,3.6272227556479413
1050,3.6272227583714276
1051,3.627222759753894
1052,3.6272227556556267
1053,3.627222760534275
1054,3.6272227518379805
1055,3.627222759753894
1056,3.6272227601637566
1057,3.627222763035233
1058,3.627222759248125
1059,3.6272227597838964
1060,3.6272227598182663
1061,3.6272227597347046
1062,3.6272227597932245
1063,3.627222759753894
1064,3.6272227597563145
1065,3.627222761101814
1066,3.6272227597240643
1067,3.627222759453002
1068,3.6272227598027067
1069,3.627222759753894
1070,3.627222759753894
1071,3.627222760022655
1072,3.6272227607905663
1073,3.627222763293558
1074,3.6272227602672706
1075,3.627222761638156
1076,3.627435605324402
1077,3.6272326700986204
1078,3.6272683732779925
1079,3.62728927347169
1080,3.6278096632930263
1081,3.628103747423581
1082,3.6272766929857587
1083,3.627222721107015
1084,3.6272227329461093
1085,3.6274504953922175
1086,3.627233618344354
1087,3.6278788395221127
1088,3.6277221645669484
1089,3.6273464908262474
1090,3.627222812985393
1091,3.62722422772926
1092,3.627223831500256
1093,3.627201782794895
1094,3.6272398483554027
1095,3.6272252261725897
1096,3.6272227575921283
1097,3.6272229022956783
1098,3.6272228143143095
1099,3.6272227337657696
1100,3.6272227013633036
1101,3.62722618283804
1102,3.6272258450771706
1103,3.627222730582249
1104,3.62722301439741
1105,3.6272227441265747
1106,3.627223011054272
1107,3.627242648757325
1108,3.6272252783436914
1109,3.6272230964833234
1110,3.6272237899828936
1111,3.627222728348719
1112,3.627222733156969
1113,3.6272226908854317
1114,3.6272227097837244
1115,3.6272227521881444
1116,3.6272227602662626
1117,3.6272222557154588
1118,3.627219540584329
1119,3.627222759780058
1120,3.627222759833709
1121,3.6272225748806166
1122,3.6272175176476678
1123,3.6272221081518055
1124,3.627153210296361
1125,3.6270827758645954
1126,3.6272195629086634
1127,3.627222335975138
1128,3.6272222009950705
1129,3.627222665112649
1130,3.627224230264613
1131,3.6272227334135136
1132,3.6272227176463736
1133,3.6272227559598025
1134,3.627222758427475
1135,3.627222692446516
1136,3.6272229276192025
1137,3.627221568276259
1138,3.627222817578364
1139,3.6272219947306166
1140,3.6272227345027988
1141,3.6272227625051725
1142,3.627222732221157
1143,3.6272227601552496
1144,3.627222611934506
1145,3.627222746040138
1146,3.627222722068903
1147,3.627222733353273
1148,3.627222723609748
1149,3.6272223230791423
1150,3.6272227260031813
1151,3.6272227516044424
1152,3.627222789002247
1153,3.627222705010121
1154,3.6272227568448283
1155,3.627222761127781
1156,3.627222772061698
1157,3.627222726451231
1158,3.6272227060896407
1159,3.6272227077672725
1160,3.627222723282621
1161,3.6272227271718793
1162,3.6272227149134686
1163,3.627222730973991
1164,3.627222759768146
1165,3.627222719663424
1166,3.6272227363525915
1167,3.627222736189268
1168,3.6272227517879134
1169,3.627222761518928
1170,3.627222705596651
