reaction_index,Temp 1467.18 x: 4.0
0,1.4153983326298438
1,1.4223567193650362
2,1.4222479371265984
3,1.4218993859607294
4,1.4223845396750991
5,1.4223707933232412
6,1.4223708951470624
7,1.4223707768067795
8,1.422370774210153
9,1.4223707701190043
10,1.4223707768067795
11,1.4223708694038482
12,1.4223709785195924
13,1.4223707669532917
14,1.4223703401779757
15,1.4224499872408263
16,1.4223161249168648
17,1.4224019838060378
18,1.4224098342482456
19,1.4223680580921216
20,1.422370701861067
21,1.4223576984963973
22,1.4223733301722448
23,1.422365936196724
24,1.4223712896116543
25,1.4223709931139412
26,1.4223717670936669
27,1.4223305084621864
28,1.422336374512257
29,1.4223703709153352
30,1.4223707402281438
31,1.422370805040486
32,1.4223677762479618
33,1.4223954772748248
34,1.4223723928349483
35,1.4222002655028931
36,1.4223707730053738
37,1.4219873273943713
38,1.4223793618663365
39,1.4223707736814435
40,1.42237077429358
41,1.4219146414351158
42,1.4224036944063
43,1.4223723218458768
44,1.4223708142980236
45,1.4223720190075422
46,1.4223728303061538
47,1.4223709726027964
48,1.4223358695194908
49,1.4223707594827901
50,1.422369962606165
51,1.422370738440306
52,1.4226058207546572
53,1.4223745895655706
54,1.4223606225625007
55,1.4223710006754442
56,1.422371364074435
57,1.4225651812230236
58,1.422740675757027
59,1.422521430745907
60,1.4223967877778858
61,1.4224011100294005
62,1.4223816173744463
63,1.4223329684424877
64,1.4225740691401223
65,1.4224995175897965
66,1.4223696998416664
67,1.4223445634644467
68,1.4236904254648992
69,1.4220778253628654
70,1.4223106612648906
71,1.4223715422350938
72,1.4223622293202451
73,1.4224799290931398
74,1.422370814920664
75,1.4223713099539514
76,1.422370954290776
77,1.422371867487327
78,1.4223727309171856
79,1.422371154245449
80,1.422370894476819
81,1.422442031687019
82,1.4221581877323308
83,1.422609004835086
84,1.4223715802252146
85,1.4223719126878247
86,1.4223713358798922
87,1.4223707868201398
88,1.4223706966358498
89,1.4223707700572736
90,1.422370774600456
91,1.4223707776677024
92,1.4221850716268833
93,1.4223720756566467
94,1.4222572767282797
95,1.4223708000653315
96,1.4223709248109877
97,1.4223707712357352
98,1.4223711146291786
99,1.4223708128550387
100,1.422370728132165
101,1.4223573606954
102,1.4223707593288426
103,1.4223742407394568
104,1.4223718952035405
105,1.4223708024008674
106,1.4223707848986973
107,1.42237082317688
108,1.4224369040186307
109,1.4223600300322852
110,1.4223695712775164
111,1.4223700880492949
112,1.4223647038908995
113,1.4223709179716246
114,1.4223747057953349
115,1.4223823232477353
116,1.422369829844778
117,1.4223707697814532
118,1.4223722678243613
119,1.4223705978262955
120,1.4223707610165781
121,1.422370728670223
122,1.4223707662025997
123,1.4223710102219764
124,1.422371486270613
125,1.4223706813267074
126,1.4223708527369665
127,1.4223698766779498
128,1.4223707873822218
129,1.4223707709674203
130,1.422370777411977
131,1.4223567243820696
132,1.4222479393497023
133,1.4222120655286756
134,1.422384552231373
135,1.4223823466476775
136,1.4223519744942659
137,1.422524431795378
138,1.4217499329685304
139,1.4220687850876474
140,1.4219404794428352
141,1.422404467190903
142,1.4223682919678058
143,1.4223707713353568
144,1.422370594249092
145,1.42243516017362
146,1.4223706816819406
147,1.4223693364172714
148,1.4223704898417429
149,1.4223490565838433
150,1.4221127583469948
151,1.4223690491613736
152,1.4223706571749237
153,1.4223707259992855
154,1.4223707764688807
155,1.4223680630293778
156,1.422370703342264
157,1.4223824277866683
158,1.4223824930015272
159,1.4222868033206122
160,1.4222704429730275
161,1.4223633698119453
162,1.4223760543330215
163,1.4223710697944365
164,1.4223707786407225
165,1.421963419310418
166,1.4223719442886713
167,1.422353729198254
168,1.4223710075571634
169,1.4223717635829536
170,1.4221419302933218
171,1.422236877266619
172,1.4223711481266865
173,1.4223717979599284
174,1.4223713685437465
175,1.422354125480437
176,1.4223737465009851
177,1.4223708895109628
178,1.4223696953472116
179,1.4215283610672078
180,1.4223711745165197
181,1.4223377670569337
182,1.4223673936010512
183,1.4223711939206332
184,1.422373866154362
185,1.4223420816295878
186,1.4223707664055898
187,1.4223695308111692
188,1.4223707727736081
189,1.4223707511483468
190,1.4223690276118601
191,1.4223729100117366
192,1.4223708502191013
193,1.4223706537303098
194,1.4223707768562475
195,1.4223707769903122
196,1.4223707741785037
197,1.422370773710609
198,1.4223707712173241
199,1.422370771471516
200,1.42237077381094
201,1.422370826760818
202,1.4223718095410252
203,1.4223708163030642
204,1.4223707706867337
205,1.4223707699169292
206,1.4223707776999328
207,1.4223707729309432
208,1.4223707717938936
209,1.4223708037658738
210,1.4263479447576488
211,1.4228181519242271
212,1.422623438000108
213,1.422366640536479
214,1.422470420915115
215,1.4224222026992601
216,1.4221687618272543
217,1.4218648458285117
218,1.4223652628678733
219,1.4223707712715075
220,1.4223725197618253
221,1.4228929834620383
222,1.4225981922227362
223,1.4225481165933533
224,1.4223707741763563
225,1.4223633356976495
226,1.4223705438120653
227,1.4237186734673413
228,1.4224960145575705
229,1.4225632731584092
230,1.422369416022008
231,1.4224684078033802
232,1.4223707914408878
233,1.4223704341272208
234,1.4223707670183938
235,1.422370774067585
236,1.4223707777408383
237,1.4223707699270174
238,1.4223707740932423
239,1.422370826195091
240,1.4223707819188776
241,1.42242899090603
242,1.422361983789835
243,1.4223704471215215
244,1.4235573661406349
245,1.42249577977447
246,1.4225311476625109
247,1.4223692069405385
248,1.4224251788812268
249,1.4223707716246745
250,1.4223707915404964
251,1.4218387964317882
252,1.422340944576295
253,1.4223707717897227
254,1.422370772192345
255,1.4223708239144024
256,1.422370773496036
257,1.422370775447808
258,1.4223707938703316
259,1.4223707771032135
260,1.422506847094224
261,1.422276573667903
262,1.4223707680556485
263,1.4223707710486901
264,1.4223712276385856
265,1.4223707768067795
266,1.4223459987215754
267,1.422356511039123
268,1.4223687986327762
269,1.4223041841070603
270,1.422351169794283
271,1.422355471932587
272,1.4224079244109593
273,1.4223935950810807
274,1.4221668896130628
275,1.4223183616264023
276,1.4225745136966856
277,1.4226522386496223
278,1.4223743994809093
279,1.4224809904142672
280,1.4223707791634483
281,1.4223707736514513
282,1.4223707746948586
283,1.4223707758152828
284,1.4223679937731053
285,1.4223622385481465
286,1.4223707654327973
287,1.4223707101033576
288,1.4223707799728342
289,1.4223707762945632
290,1.4223707683521758
291,1.4223708259792522
292,1.4223709357774248
293,1.4223725488423264
294,1.422370738619398
295,1.422370670910451
296,1.4223707783697017
297,1.4223707608993694
298,1.4223707725012762
299,1.4223707772244547
300,1.422373098249027
301,1.4223734017461331
302,1.422371413258548
303,1.4223677314680396
304,1.4223691312236137
305,1.4176657330925542
306,1.422333400529714
307,1.4223707751898926
308,1.4171811491793833
309,1.4223707739875255
310,1.42237076936845
311,1.422370771293841
312,1.4223707734636615
313,1.4223709718639401
314,1.422371265695897
315,1.4222096390190893
316,1.4223707736370421
317,1.4223707711841107
318,1.4223707742117522
319,1.4223707711187668
320,1.4223707735891642
321,1.4223708812317597
322,1.4223697965052513
323,1.422301940451298
324,1.4223623558644456
325,1.422369440322815
326,1.422371656481827
327,1.4223650098845206
328,1.4224054278534846
329,1.4223693825859711
330,1.4223711356257356
331,1.4223670440170635
332,1.4223707719770733
333,1.4223707673553359
334,1.4223677674689332
335,1.422370458011325
336,1.4223677547091529
337,1.4223708569786
338,1.4223707740648959
339,1.422797156484342
340,1.4223706306304427
341,1.4223706163519787
342,1.4225057737117897
343,1.4223877798958853
344,1.422336068239713
345,1.422370785507939
346,1.4223697504351487
347,1.4223703446579075
348,1.4223689919022833
349,1.4223708055204836
350,1.4223707870231517
351,1.4223709900631805
352,1.4223707931327525
353,1.4223707733707938
354,1.4223537087375235
355,1.422370860654958
356,1.4223707899266067
357,1.4223707676691288
358,1.4223707713183456
359,1.422370774021553
360,1.4223707749404078
361,1.4223707755018962
362,1.4223707727021329
363,1.4223707909328325
364,1.4223707818615214
365,1.4223707697773638
366,1.4223707297539947
367,1.4223714991195917
368,1.4223707846349485
369,1.422389123414785
370,1.4223707710967197
371,1.422370779619009
372,1.4226170606842716
373,1.4223593310991365
374,1.4223708387624399
375,1.4223767490783052
376,1.4223747373021067
377,1.4223815638322015
378,1.4223708208742474
379,1.4223947456272288
380,1.4223707708586095
381,1.4223707784477393
382,1.4223708303490754
383,1.422080424756007
384,1.422395899460858
385,1.422370775735491
386,1.422370798470222
387,1.4223690041696053
388,1.4223662123059724
389,1.4232174645663969
390,1.422370866615647
391,1.4223707757280915
392,1.4223707723016321
393,1.4223707702861894
394,1.4223707754475092
395,1.4223707722763193
396,1.4223707743786358
397,1.422370776744398
398,1.4223707736429754
399,1.4223707601095412
400,1.4223707922875297
401,1.4223707732438544
402,1.4223707756092154
403,1.4223707752395913
404,1.4223707719244472
405,1.4223707758315185
406,1.4220499580293384
407,1.4222141028720212
408,1.4223657554183209
409,1.4223709460625729
410,1.4223698358548889
411,1.42237077223957
412,1.422370799120917
413,1.4223707124577558
414,1.422372194088085
415,1.4223707431503652
416,1.4223707737492004
417,1.4223698040122699
418,1.4223707725635606
419,1.4223703663205904
420,1.4223707821221128
421,1.4223680440324447
422,1.4223686984648773
423,1.422370772504372
424,1.4223707654910027
425,1.422370771920364
426,1.4223707728848494
427,1.422370796894379
428,1.4223707748460914
429,1.4223707859504553
430,1.4223731638143946
431,1.4223707682191018
432,1.4223707740182538
433,1.422362546364965
434,1.4223707765984832
435,1.4223707776449646
436,1.4223707716714076
437,1.4223707738802591
438,1.4223707702008759
439,1.4223707730808768
440,1.4223707757020956
441,1.4223707780627985
442,1.4223542822622723
443,1.4223724609537565
444,1.4223707759759936
445,1.4223707712100297
446,1.4243494401596064
447,1.4223708053288744
448,1.4223707666233756
449,1.4223707736376736
450,1.4223707759466386
451,1.4223708181539558
452,1.4223707697598156
453,1.42242232030874
454,1.4223707727744213
455,1.4223707719344811
456,1.4223707745449117
457,1.4223707734848843
458,1.4223707762767666
459,1.4223707711755256
460,1.4223707715401965
461,1.4223707660249585
462,1.4223707772325842
463,1.4223707772657772
464,1.422370773402011
465,1.4223707769000449
466,1.4223708169830975
467,1.422370773696084
468,1.4223707772880563
469,1.422370773878814
470,1.4223707753845183
471,1.422370776432166
472,1.42237077479435
473,1.422370772628572
474,1.4223707768067795
475,1.4223707729593362
476,1.4223707796219864
477,1.4223708597267128
478,1.4222641328768497
479,1.422352553338359
480,1.422526793504743
481,1.4223935555683853
482,1.4224539162893428
483,1.422518405710763
484,1.4223689956774452
485,1.4226958535068808
486,1.4223683373249656
487,1.42239695342987
488,1.4223707653492437
489,1.4223676996705534
490,1.4223708154910362
491,1.4223589048315057
492,1.422377060944364
493,1.4225311661609419
494,1.4223709276334169
495,1.422371013626832
496,1.4223711209405896
497,1.4223707703664106
498,1.4223707728952772
499,1.4223708419274277
500,1.4223733987380847
501,1.4223706783924654
502,1.4223708521529395
503,1.4223738524024843
504,1.4223707744664909
505,1.4223707753962118
506,1.4223707756791333
507,1.4223707734836317
508,1.4223707688051497
509,1.4223707720240624
510,1.4223707732396622
511,1.4223708253767156
512,1.4223707720242567
513,1.4223707761558109
514,1.4223707745253833
515,1.4223707730187767
516,1.4223707767882667
517,1.422370774552179
518,1.4223707769961396
519,1.4223707675983108
520,1.4223746380193971
521,1.4223707686041582
522,1.4223707773913885
523,1.4223707730342867
524,1.4223707743822942
525,1.4223707529479905
526,1.4223707669409125
527,1.4223707755962562
528,1.4223707715011789
529,1.4223707693879193
530,1.4223707710692552
531,1.4223707747258825
532,1.4223707765419993
533,1.4223681431730757
534,1.4223705823200778
535,1.422370590222176
536,1.4223705720533188
537,1.4223707686886442
538,1.4223706664183873
539,1.422370836879029
540,1.4223707691500427
541,1.422370774594866
542,1.4223707749784575
543,1.4223707763456204
544,1.422370769866484
545,1.4223432022969849
546,1.4223706234345483
547,1.4223707717406509
548,1.422370771797697
549,1.422370593038512
550,1.4223707619396284
551,1.4223707331096307
552,1.4223707776747814
553,1.422256247449148
554,1.422370779129765
555,1.4223707770378524
556,1.4223707660713925
557,1.4223444786386454
558,1.422370775598238
559,1.42237083860203
560,1.4223707748296668
561,1.4223707736282043
562,1.4223707771443597
563,1.4223708079563262
564,1.4224576395346475
565,1.4223525822709115
566,1.4223708207411896
567,1.422371351779535
568,1.42237089547127
569,1.4223707682861602
570,1.4223708179758665
571,1.4223763007982084
572,1.4223707454808074
573,1.422370737471013
574,1.4223708617182336
575,1.4223711382535387
576,1.4223497292390541
577,1.4223707671537156
578,1.422370676702567
579,1.4223707741817113
580,1.422370772893665
581,1.4223946967088736
582,1.4223707699671355
583,1.4225742106419943
584,1.4223704699295463
585,1.422370773414218
586,1.4223707750261017
587,1.4223709683999213
588,1.4223648577803716
589,1.4223707745648528
590,1.4223707711049887
591,1.4222980124835518
592,1.4223707663596583
593,1.4223707737346163
594,1.4223707583198852
595,1.4223707721018266
596,1.4223707686808944
597,1.422370774167724
598,1.4223707735938822
599,1.4223707710200513
600,1.4223813518923853
601,1.4223782860212852
602,1.422385963209821
603,1.422370832061929
604,1.422371119339245
605,1.4223704718376509
606,1.4223704891176503
607,1.422375033168641
608,1.422380772461365
609,1.4223707610378644
610,1.4221541139619545
611,1.422350991824258
612,1.4223718036639381
613,1.4223711530610927
614,1.4223707788821838
615,1.4223739434772347
616,1.4223706451723033
617,1.4224732484459675
618,1.4223707811155244
619,1.422370775780409
620,1.4223707733479836
621,1.4223707745671124
622,1.4223815117229888
623,1.4223707873975509
624,1.422370809731978
625,1.4223707788534377
626,1.422370769282932
627,1.4223708233531456
628,1.4223707725112913
629,1.4223707698421042
630,1.4223707743789307
631,1.4223707698699524
632,1.4223707742809009
633,1.4223707724072854
634,1.4223707690912517
635,1.4223707739786857
636,1.422377231606077
637,1.4223707772972005
638,1.4223707726742594
639,1.4223707742937486
640,1.4223707725684875
641,1.42237077229841
642,1.4223707670398218
643,1.4223707740129388
644,1.4223707772854886
645,1.4223707747560383
646,1.4223707774101109
647,1.422370775188201
648,1.42237077014078
649,1.4223707727000041
650,1.422370771751502
651,1.422370770830256
652,1.4223707741548375
653,1.4223707752668584
654,1.422370771394783
655,1.4223707696395524
656,1.4223707717576877
657,1.42237077553193
658,1.4223707862607897
659,1.4223707725503167
660,1.4223707708768627
661,1.4223707765107982
662,1.422370773477629
663,1.4223707796011378
664,1.422370777789812
665,1.4223707676019954
666,1.4223707748213923
667,1.4223707719796963
668,1.422370771315057
669,1.4223707765545976
670,1.422370777913645
671,1.4223707723191896
672,1.4223707392060287
673,1.4223707760035504
674,1.4223707758751067
675,1.422370766448382
676,1.4223707751895946
677,1.4223707716895522
678,1.4223707688727325
679,1.4223707681748412
680,1.4223708001608717
681,1.4223598460147862
682,1.4223757710402376
683,1.4223706686532807
684,1.422363189763124
685,1.4223678526278387
686,1.422369572395838
687,1.4223703867829809
688,1.4223892943460517
689,1.4223707691711198
690,1.4223707768940983
691,1.4223707736600564
692,1.4223707672826353
693,1.4223707731289095
694,1.4223707762949895
695,1.4223707926503493
696,1.4223707730954958
697,1.422370772086028
698,1.422370774013316
699,1.4223707737991265
700,1.422370768665797
701,1.4223707717485148
702,1.4223707541651078
703,1.4223707305441635
704,1.422370771993538
705,1.4223707735971698
706,1.422370774174161
707,1.4223707718903194
708,1.4223707693966823
709,1.4223707780240828
710,1.422370774592633
711,1.4223707731693807
712,1.4223707716156433
713,1.4223707743497753
714,1.4223707744009855
715,1.4223707735551927
716,1.4223707703502013
717,1.4223707722408354
718,1.4223707725060108
719,1.4223707753277042
720,1.4223707724873922
721,1.422370775823075
722,1.4223707735936995
723,1.4223707691418441
724,1.4220953245741859
725,1.422370772226868
726,1.42237077059942
727,1.4223707687770673
728,1.4223707720117134
729,1.4223707761663882
730,1.4223707746881347
731,1.4223707717004652
732,1.4223707715055123
733,1.4223707776064027
734,1.4223707721354832
735,1.4223707770138336
736,1.4223707708908795
737,1.4223707768067795
738,1.4223447289303044
739,1.4223707768067795
740,1.4223708023289812
741,1.4223708331274116
742,1.4221745418563674
743,1.4223680753068642
744,1.4223704959584713
745,1.422370882655104
746,1.4223707768294855
747,1.422370628722528
748,1.4223707075288472
749,1.4223720075332014
750,1.4223709037353023
751,1.4219577453869356
752,1.4223711438119488
753,1.422370753294499
754,1.4223368342000733
755,1.4223712494342358
756,1.4223707993166883
757,1.4223707889073671
758,1.4223789055245577
759,1.4223902579669085
760,1.4223711935203587
761,1.422371523074704
762,1.422370837854019
763,1.4223716977449121
764,1.422372418753675
765,1.422372074504429
766,1.422371549799647
767,1.4223707077402188
768,1.4223534744173412
769,1.4223706277365602
770,1.4223707734546533
771,1.4223707765465312
772,1.4223707701623387
773,1.4223707725467103
774,1.422370775622329
775,1.4223707684427234
776,1.4223707759878415
777,1.4223707760948106
778,1.42237077141789
779,1.422370772773577
780,1.4223707748473757
781,1.4223707868330195
782,1.4223707697976038
783,1.4223707745567973
784,1.4223707737192275
785,1.4223708648441384
786,1.422370784258829
787,1.4223707703378936
788,1.4223707744307774
789,1.4223707737179956
790,1.4223709853996036
791,1.4223708722661728
792,1.4223707735063755
793,1.4223707710521083
794,1.4223707780354373
795,1.4223707684675075
796,1.4223707743327132
797,1.4223707724092998
798,1.422370770689458
799,1.4223707775461196
800,1.4223707734354598
801,1.422078958092273
802,1.4223707738603426
803,1.42237077215455
804,1.4223443324661038
805,1.4223703514265533
806,1.4223712183327546
807,1.4223707571097968
808,1.4223707784055724
809,1.4223707730503539
810,1.422370773060772
811,1.4223707783611068
812,1.4223707741234857
813,1.4223678931966393
814,1.4223707738864528
815,1.4223707730875752
816,1.4223707698977173
817,1.4223707735752806
818,1.422370772790301
819,1.4223707707592004
820,1.42237077615331
821,1.4223707647953263
822,1.4223707709593272
823,1.422370773146017
824,1.4223520110350236
825,1.4223707755879917
826,1.4223707478709986
827,1.4223707536792427
828,1.4223708885034434
829,1.422361529318371
830,1.4223691145453135
831,1.4223643124627292
832,1.4223707721789032
833,1.4223707708772964
834,1.4223707575532265
835,1.4223707636472476
836,1.4223707705317588
837,1.422373009489732
838,1.4223707733995659
839,1.4223707775669907
840,1.4223707781689015
841,1.4223707726729253
842,1.4223707745735896
843,1.4223707755567934
844,1.4223707672168375
845,1.422370779822457
846,1.4223707732497988
847,1.422370775584852
848,1.422370771556175
849,1.4223707723087609
850,1.422370772374319
851,1.4223707679737714
852,1.4223707671309798
853,1.422370776704212
854,1.4223707770021556
855,1.4223707757698318
856,1.422370775945762
857,1.4223707739088203
858,1.4223707694733525
859,1.422370771113075
860,1.42237077735535
861,1.4223707705574533
862,1.4223707709069973
863,1.4223707701384107
864,1.4223707677552688
865,1.4223710696294338
866,1.4223695077061467
867,1.4223707740480962
868,1.422369443485007
869,1.4223707576192086
870,1.4223707577067615
871,1.4223706664548115
872,1.4223748948284944
873,1.4223706904209508
874,1.422373264179624
875,1.4223654317972105
876,1.4223767918840244
877,1.4223766925834005
878,1.4223704092871994
879,1.422369501035472
880,1.4224134704383895
881,1.4223754838830305
882,1.4223694662990185
883,1.4224496475541655
884,1.4225905177751248
885,1.422491690205007
886,1.4223704077519517
887,1.4223711840802342
888,1.4223725033039434
889,1.422326926413366
890,1.422367736193013
891,1.4218143509675478
892,1.4223996081165964
893,1.4223799562971955
894,1.4223709621358782
895,1.4223710391166864
896,1.4223707772938456
897,1.4223708433190017
898,1.4223727802448538
899,1.4223706336966289
900,1.4223584717953146
901,1.4223713225245738
902,1.4223707878062082
903,1.4223708468278755
904,1.4223707681044617
905,1.422370775503621
906,1.4223707726507158
907,1.4223707769562957
908,1.4224344690408395
909,1.4223714263017626
910,1.4223710477951235
911,1.4223707544986124
912,1.4223708422756653
913,1.4223708150913852
914,1.4223708461146773
915,1.4223707654966582
916,1.4223708388247904
917,1.4223729760915604
918,1.422366416024428
919,1.4223707728689914
920,1.422370774313549
921,1.4223707748575227
922,1.422370690621861
923,1.4223707666663101
924,1.4223699318361547
925,1.4223705366207255
926,1.4223699302105988
927,1.4223707714356453
928,1.4223707733177366
929,1.4223707743026208
930,1.4223707774427343
931,1.4223707728830166
932,1.422370774064797
933,1.4223707706539255
934,1.4223710040978081
935,1.422370874821979
936,1.4223707924395108
937,1.4223707726730614
938,1.422370778661277
939,1.4223707809147792
940,1.4223713817331534
941,1.422371119162341
942,1.422370803960696
943,1.422370771006033
944,1.4223707747901906
945,1.4223707802114844
946,1.422370768025235
947,1.4223707747913854
948,1.4223707725250572
949,1.422377326612851
950,1.4223707718532215
951,1.422370770968577
952,1.4222466206938467
953,1.4223715766929355
954,1.4223708598163844
955,1.4223707761876925
956,1.4223707737334514
957,1.4223699382916917
958,1.4223707857883074
959,1.4223707715247969
960,1.4223707880945855
961,1.422371453762189
962,1.4223715650618305
963,1.4223707845239122
964,1.4223708065441798
965,1.4223709398157525
966,1.4223708606445695
967,1.4223707753359358
968,1.4223707765610032
969,1.4223707591174712
970,1.422370774199017
971,1.4223707750527326
972,1.4223709487862823
973,1.4223707753831027
974,1.4223707700692008
975,1.4223707735622633
976,1.4223707870562345
977,1.422370782292022
978,1.422370770391251
979,1.422370770911935
980,1.4223707729021617
981,1.4223707681548894
982,1.4223707764393507
983,1.4223707731378705
984,1.4223707745199643
985,1.4223707730122959
986,1.4223707740957041
987,1.422370770946877
988,1.4223707745235432
989,1.422362533212778
990,1.4223707741183444
991,1.4223707752602561
992,1.422370776375076
993,1.4223707754279746
994,1.4223670185430155
995,1.4223707724227943
996,1.4223707751379142
997,1.4223707705339181
998,1.4223707744407905
999,1.4223707754462684
1000,1.4223707754183192
1001,1.422307150398753
1002,1.4223707766948903
1003,1.4223708129882149
1004,1.4223707911370338
1005,1.4223707753841819
1006,1.4220190932300194
1007,1.4223707564447396
1008,1.4223706808068797
1009,1.4223707784886532
1010,1.4223707704580073
1011,1.4223707702445798
1012,1.4223707759055957
1013,1.4223707750520542
1014,1.4223386314994275
1015,1.4223692629559033
1016,1.4223723707769185
1017,1.4223778358993064
1018,1.4223707741729879
1019,1.4223716151292163
1020,1.4223707743808833
1021,1.4223707736311646
1022,1.4223707768067795
1023,1.4223707768067795
1024,1.422370771530134
1025,1.4223707764154125
1026,1.4223707743164795
1027,1.4223707761798465
1028,1.422370774402727
1029,1.4223707768067795
1030,1.4223707743889442
1031,1.4223707779836363
1032,1.42237077127739
1033,1.4223667049069044
1034,1.422459389435044
1035,1.4223708946129767
1036,1.4223711162379504
1037,1.4223709477421405
1038,1.4223704717994503
1039,1.4223707691206817
1040,1.4223707806915316
1041,1.4223708006471074
1042,1.4223707437663144
1043,1.4223709173882138
1044,1.422396475042176
1045,1.4223707711968459
1046,1.4223707724850632
1047,1.4223713138935472
1048,1.4223707934231555
1049,1.4223707739863616
1050,1.4223707718100065
1051,1.4223707793809384
1052,1.4223708069179106
1053,1.4223708086493765
1054,1.4223709305164682
1055,1.4223707735500866
1056,1.4223707717897602
1057,1.4223707726622108
1058,1.4223707729298558
1059,1.4223707723027563
1060,1.4230443184638135
1061,1.422496133405643
1062,1.422370779317437
1063,1.4223707765816325
1064,1.4223696459910935
1065,1.4223721568119703
1066,1.4223712548965444
1067,1.4223710680212953
1068,1.4223707753260273
1069,1.4223707720273269
1070,1.4223707695264052
1071,1.4223707725938894
1072,1.4223707742204152
1073,1.4223707765232323
1074,1.4223707698371275
1075,1.4223707709201139
1076,1.4223724550648429
1077,1.4223707442885374
1078,1.4223714421478615
1079,1.4223717817358397
1080,1.422380045585492
1081,1.4223785407540583
1082,1.422371586791199
1083,1.4223707719680396
1084,1.422370772585709
1085,1.422372831813541
1086,1.422370766921527
1087,1.422381899286551
1088,1.4223744678477255
1089,1.4223727950659897
1090,1.4223707595559085
1091,1.4223707746752934
1092,1.4223707689534528
1093,1.4223697916916531
1094,1.4223707772851204
1095,1.4223708734351355
1096,1.4223729079734955
1097,1.42237077624768
1098,1.4223707776249377
1099,1.422370775673475
1100,1.4223707670495227
1101,1.4223707818366134
1102,1.4223707790279825
1103,1.4223707704323947
1104,1.4223707705347346
1105,1.4223707653655648
1106,1.4223707749630488
1107,1.4223707942310735
1108,1.4223708734966758
1109,1.4223707799987217
1110,1.4223707789540303
1111,1.4223707720327308
1112,1.4223707738100302
1113,1.4223707685208442
1114,1.4223707761162478
1115,1.4223707760023974
1116,1.4223810305328364
1117,1.4223707515504398
1118,1.4223707619866528
1119,1.4223707783983108
1120,1.4223707713972789
1121,1.4223707712133888
1122,1.4223707603359759
1123,1.4223707663445195
1124,1.422370423156057
1125,1.422370128345624
1126,1.4223707639623047
1127,1.4223707710116191
1128,1.4223707723302426
1129,1.4223707692777319
1130,1.422370792080847
1131,1.4223707683213507
1132,1.4223707725686459
1133,1.4223707743228378
1134,1.4223707704350843
1135,1.4223707736219087
1136,1.4223707788157804
1137,1.422370717046166
1138,1.4223707777273642
1139,1.4223707462245927
1140,1.422370774969421
1141,1.4223707752733485
1142,1.4223707720895102
1143,1.4223707706322037
1144,1.4223707640029295
1145,1.422370777118038
1146,1.4223707724849075
1147,1.4223707689146536
1148,1.4223707678357085
1149,1.4223706673261751
1150,1.4223707755169916
1151,1.422370780235868
1152,1.4223707712332487
1153,1.4223707717266452
1154,1.422370764185479
1155,1.4223707697116554
1156,1.4223707701055124
1157,1.422370774987007
1158,1.422370772019393
1159,1.422370774573011
1160,1.4223707714265506
1161,1.4223708172546163
1162,1.4223708447466104
1163,1.4223707772117269
1164,1.4223707751723942
1165,1.4223707732653912
1166,1.4223707715612572
1167,1.42237077171266
1168,1.4223707715917735
1169,1.4223707722651027
1170,1.4223707725399495
