reaction_index,Temp 1467.18
0,0.2445755913521145
1,0.2479575498504843
2,0.24792804077201536
3,0.24779333995242445
4,0.24796409917222695
5,0.24796335288745205
6,0.24796339026885716
7,0.2479633427097951
8,0.24796334557864863
9,0.24796334643028686
10,0.2479633427097951
11,0.2479633917275638
12,0.24796357472911554
13,0.2479633604602807
14,0.24796664409240307
15,0.248035065160298
16,0.24792131993895364
17,0.24798357353143957
18,0.24802295462700188
19,0.2479631589005859
20,0.24796334590926308
21,0.24789330180148114
22,0.2479724314423662
23,0.24796945661055683
24,0.24796476042586468
25,0.24796491025884798
26,0.24797008278527818
27,0.24795874345141705
28,0.2479950947414567
29,0.2479633305456637
30,0.24796334577857077
31,0.24796345344523393
32,0.24796302399806794
33,0.24797270989841658
34,0.2479636052906184
35,0.247895902080426
36,0.24796334519721858
37,0.24776749642003454
38,0.24796763664996765
39,0.24796334580930565
40,0.24796334628923547
41,0.24774501972974
42,0.2480160728411178
43,0.24796549282020575
44,0.24796336919178857
45,0.2479636111930964
46,0.24796484972845667
47,0.2479635390246635
48,0.24795249173416659
49,0.24796334483849675
50,0.2479633495305678
51,0.24796333934853104
52,0.24805380275513714
53,0.24794976836035545
54,0.24795818531388528
55,0.2479634302909147
56,0.2479635010349111
57,0.2480809598842192
58,0.24814089331911365
59,0.24802799934239117
60,0.24799145302127962
61,0.24797774855253668
62,0.2479794585726041
63,0.24790944320002695
64,0.24790486439494283
65,0.24797011391852303
66,0.2479647441250822
67,0.24794959486168755
68,0.24800111876379274
69,0.24795454086391383
70,0.24796443867555928
71,0.2479643474731611
72,0.2479627387120419
73,0.2479993404261858
74,0.2479632495527434
75,0.24796358931622775
76,0.24796418187623864
77,0.2479642458639493
78,0.2479662719625936
79,0.2479643804014911
80,0.24796361838919825
81,0.24800812268947042
82,0.24795328653615434
83,0.2480432180197787
84,0.24796537300940444
85,0.24796638520184489
86,0.2479643703610959
87,0.24796334021988192
88,0.24796314502300248
89,0.2479633450153345
90,0.24796334414235305
91,0.24796334686196914
92,0.24795078134291826
93,0.24796530637745814
94,0.24790814701643368
95,0.24796345161168995
96,0.2479640392776079
97,0.24796334881865725
98,0.2479634977279647
99,0.2479633894601045
100,0.24796334576385806
101,0.2479620588761623
102,0.2479632232521252
103,0.24796727031857962
104,0.24796379228572674
105,0.24796339571767922
106,0.2479633468579619
107,0.247963402440659
108,0.24796419471267572
109,0.24793682235557127
110,0.2479607316502586
111,0.247963013824801
112,0.24795709447372719
113,0.24796368242820954
114,0.24796390734605114
115,0.24796493720218798
116,0.2479629383063908
117,0.24796334676416645
118,0.24796693854072954
119,0.24796333234152088
120,0.24796334407038334
121,0.247963343265167
122,0.24796333972885462
123,0.24796371949865825
124,0.24796483021584861
125,0.24796316369055613
126,0.24796347203448094
127,0.24796192865891992
128,0.24796338465110676
129,0.24796334132287
130,0.247963349394193
131,0.24795754930526775
132,0.2479280418959783
133,0.24804425874155842
134,0.24796547467235036
135,0.24796873509959472
136,0.24795976513947188
137,0.24809313426573024
138,0.2477605201058301
139,0.2479230694375425
140,0.24762911569209384
141,0.2479733989613471
142,0.2479622643173191
143,0.24796334567937317
144,0.2479635400757795
145,0.24797768157585848
146,0.2479634000529936
147,0.2479635864247115
148,0.2479633953103168
149,0.2479600458743767
150,0.24792550217707018
151,0.24796303263824163
152,0.24796334364786254
153,0.24796334520723284
154,0.2479633433441136
155,0.24796316116543576
156,0.24796334675886114
157,0.24799839486789282
158,0.24796782296540898
159,0.24792892961083565
160,0.24790850983516713
161,0.24800894844980956
162,0.24797081782769795
163,0.24796492563980307
164,0.24796334432996014
165,0.24767678749646102
166,0.24796390457087172
167,0.24795241930288373
168,0.24796491163269407
169,0.2479700833439158
170,0.24780259234845198
171,0.24780503332973708
172,0.24796406682890998
173,0.247965839503163
174,0.24796450931728076
175,0.24795703805331665
176,0.24796694822581555
177,0.24796360890743965
178,0.2479614739811153
179,0.24657867415993465
180,0.24796467903253733
181,0.24788575586950015
182,0.24795302800000513
183,0.24796433344264845
184,0.24796545554564425
185,0.24795535788439804
186,0.24796333646776372
187,0.24796382131713604
188,0.24796334618407934
189,0.24796335947309242
190,0.24796390620395553
191,0.24796537568163823
192,0.24796347359825474
193,0.2479635123054985
194,0.24796334534353395
195,0.24796335874664874
196,0.2479633465252876
197,0.24796334761720232
198,0.24796335500228092
199,0.2479633422774125
200,0.2479633574137738
201,0.2479635732798948
202,0.24796541156939572
203,0.24796336220542345
204,0.24796334535998038
205,0.2479633455788278
206,0.24796334228007497
207,0.24796334780481935
208,0.24796334416875013
209,0.2479634095906059
210,0.24796334460935174
211,0.24796334466433648
212,0.24796334602749892
213,0.24796334263493985
214,0.24796334855643998
215,0.24796334543441406
216,0.24796334401412826
217,0.2479633458714107
218,0.24796334322818409
219,0.24796334583303972
220,0.2479633463522664
221,0.24796334399572661
222,0.2479633450875939
223,0.24796334573094536
224,0.24796334538812367
225,0.24796694277232864
226,0.24796316741936703
227,0.24863700687159976
228,0.247982537750974
229,0.24809033688643833
230,0.24796115304250743
231,0.2479727330561631
232,0.24796335594048932
233,0.24796307112627564
234,0.24796339210504348
235,0.24796334519663735
236,0.24796334884741936
237,0.2479633463381875
238,0.2479633494906676
239,0.24796423612940063
240,0.24796337742501887
241,0.24796334688895216
242,0.247961625940551
243,0.24796422153425854
244,0.2479631070168621
245,0.24854700976860364
246,0.24796103968480682
247,0.24806106628923844
248,0.2479610235138426
249,0.2479600555184348
250,0.24796334531591827
251,0.24796335653799784
252,0.24768866752288143
253,0.2479478568142902
254,0.2479633914396302
255,0.24796334430367709
256,0.24796350469213563
257,0.24796334544149767
258,0.24796334788189484
259,0.24796361988866097
260,0.24796336381491466
261,0.24796334575485163
262,0.24790938276064553
263,0.24796334898624442
264,0.2479633530838684
265,0.24796559833790283
266,0.2479633427097951
267,0.24801315222699094
268,0.2479930411592249
269,0.24796768346589737
270,0.2479030032525039
271,0.24795648933949907
272,0.24795787514541123
273,0.24795354387830007
274,0.2479838338733374
275,0.24797562559193637
276,0.24791304177301374
277,0.2479514569967446
278,0.2480840122049209
279,0.24812576541132386
280,0.24796334320597754
281,0.24796334546631943
282,0.24796337672806562
283,0.24796336993188692
284,0.24796336064296556
285,0.24796337329342522
286,0.2479633459432523
287,0.247963343834292
288,0.2479633226765595
289,0.24796335970623828
290,0.2479633644654073
291,0.24796334616887897
292,0.24796346012664292
293,0.24796378428418564
294,0.24796864578691563
295,0.2479633278539688
296,0.24796759200087887
297,0.24796864376880362
298,0.2479633427097951
299,0.2479633459514785
300,0.24796334395717617
301,0.24796334515714724
302,0.2479633454196387
303,0.24796334497604983
304,0.24796334468857784
305,0.2479633465754439
306,0.24796334417706492
307,0.24796334611376872
308,0.24796335071727377
309,0.2479633613693463
310,0.24796334618275345
311,0.24796614994180585
312,0.24796334414927154
313,0.24796334436899872
314,0.24796334697469913
315,0.24796334445006807
316,0.2479633455019947
317,0.24796334538335688
318,0.24796334488984473
319,0.24796334503882542
320,0.2479633428948107
321,0.24796334319503527
322,0.24796334607108605
323,0.2479633427097951
324,0.24796334471563738
325,0.2479633457660785
326,0.24796334582451365
327,0.24796334691820718
328,0.24796334699723904
329,0.24796073513271033
330,0.24796363745584524
331,0.24796334357875988
332,0.24796334679486096
333,0.24796334357045993
334,0.24796334462796665
335,0.24796335167938838
336,0.2479633599744232
337,0.2479633669215689
338,0.24796334721609128
339,0.2479633438027498
340,0.24796334738918205
341,0.2479633476046169
342,0.2479633435623225
343,0.248336111274301
344,0.2479644696793536
345,0.24796318614321536
346,0.24802877428192596
347,0.24794192776244864
348,0.2479559501611201
349,0.24796296711450205
350,0.24789442183860252
351,0.24796349358894865
352,0.2479622861386572
353,0.24796335593115518
354,0.2479633506275768
355,0.24796434529055625
356,0.24796338970258747
357,0.24796335005449713
358,0.2479633453623416
359,0.24796337179803765
360,0.2479633543563048
361,0.24796334468286976
362,0.24796334709002463
363,0.24796334627730443
364,0.24796334704574025
365,0.2479633427097951
366,0.2479633451449935
367,0.24796334572983184
368,0.24796335817923335
369,0.24796332311949418
370,0.24795809524253204
371,0.2479625650253472
372,0.24796320403258607
373,0.24796496207573976
374,0.2479618865672103
375,0.24797832023617652
376,0.24796244338600534
377,0.24796378481892664
378,0.2479574725011987
379,0.2479633496890781
380,0.24796334236612658
381,0.24795902148404514
382,0.24796340469844524
383,0.24796392505459436
384,0.2479633474060527
385,0.24796334412486015
386,0.24796334439732587
387,0.247963344537836
388,0.24796334143525714
389,0.24796334568358033
390,0.2479633477050094
391,0.24796334503707007
392,0.24796334538690634
393,0.2479633428406964
394,0.2479633427097951
395,0.2479633474136548
396,0.24796334574697643
397,0.24796334594542352
398,0.24796379004351324
399,0.24796338308340096
400,0.24796338699716028
401,0.2479633460392329
402,0.24808391651338216
403,0.24796334756476035
404,0.24796334698317885
405,0.24796334388354585
406,0.24796334719301352
407,0.24796397807712386
408,0.2479650959790068
409,0.24796336252257295
410,0.24796343403475718
411,0.2479633472070032
412,0.24796334650655383
413,0.2479633427097951
414,0.2479633443054049
415,0.24796334479437376
416,0.24796334735590925
417,0.2479633473607943
418,0.24796334560016642
419,0.24796334520750732
420,0.24796334369520728
421,0.24796334278565024
422,0.24796334689655844
423,0.24796334448459031
424,0.2479633459233828
425,0.24796334540138407
426,0.24796353183305883
427,0.24796334516582302
428,0.24796334520473814
429,0.24796334528995087
430,0.24796334552366525
431,0.24796334561503142
432,0.24796334484811466
433,0.2479633450193682
434,0.24796334586898633
435,0.24796335538818146
436,0.24796334516890303
437,0.24796334541283646
438,0.24796334578191104
439,0.24796136807037866
440,0.24795807454016022
441,0.24796334410769563
442,0.2479633445040036
443,0.24796334501148976
444,0.24796334532735387
445,0.24796334790805502
446,0.24796334541285864
447,0.24796334425163785
448,0.2479633426137365
449,0.2479633428241198
450,0.24796334262173383
451,0.24796334368936582
452,0.24796334531944955
453,0.2479633427097951
454,0.24796334477839954
455,0.24796334515597263
456,0.2479633427097951
457,0.2479633427097951
458,0.247963344341723
459,0.24796334289451058
460,0.24796334270083917
461,0.24796334687451835
462,0.24796334273232035
463,0.2479633428207611
464,0.2479633428827687
465,0.24796334347598903
466,0.24796334347912982
467,0.2479633420129649
468,0.24796334717718924
469,0.24796334614815665
470,0.247963344800974
471,0.2479633480265913
472,0.2479633470312936
473,0.24796334569840364
474,0.2479633427136738
475,0.247963342876086
476,0.24796334323077127
477,0.24796334399123565
478,0.24796334436388642
479,0.24796334452023042
480,0.24796334512682117
481,0.2479633454388657
482,0.2479633427097951
483,0.2479633444687181
484,0.24796334190548236
485,0.24796334155632327
486,0.24796334676460505
487,0.24796334485824378
488,0.24796334715600765
489,0.24796334267243644
490,0.24796334272789392
491,0.24796334271362921
492,0.24796334606844578
493,0.24796334475796747
494,0.2479633473342723
495,0.24796334594106306
496,0.24796334539429016
497,0.24796334773814988
498,0.24796334429775396
499,0.24796334730361408
500,0.2479633450858805
501,0.24796334501566672
502,0.2479633427097951
503,0.24796334431261113
504,0.24796334476334994
505,0.2479633427097951
506,0.2479633459153074
507,0.24796334613184526
508,0.2479633427097951
509,0.2479633471586519
510,0.24796334702968512
511,0.24796334342734028
512,0.24796334747972068
513,0.24796334587142976
514,0.24796334492984334
515,0.24796334587003072
516,0.2479633451208822
517,0.24796334697492714
518,0.2479633461619994
519,0.24796334447031784
520,0.24796334672962675
521,0.24796334677509382
522,0.2479633427097951
523,0.2479633465743466
524,0.24796334525079367
525,0.24796334562096442
526,0.24796334679853446
527,0.2479633436903367
528,0.2479633456509713
529,0.2479633427097951
530,0.24796334407260695
531,0.2479633467044707
532,0.24796334793605093
533,0.24796334370902262
534,0.24796334274344656
535,0.24796334202473916
536,0.24796334280402665
537,0.2479633427097951
538,0.24796334285697955
539,0.24796334481007276
540,0.24796334256556934
541,0.24796330885235282
542,0.24796321505204788
543,0.24787631419411635
544,0.24794856428405387
545,0.24822526842454234
546,0.24800217695852683
547,0.24801994465537713
548,0.24826278933079166
549,0.24796261459121335
550,0.24826700098426707
551,0.24796470680907548
552,0.2479779919891926
553,0.24796334411334842
554,0.24796132914975824
555,0.24796341611790557
556,0.24795965036195466
557,0.24797353601504563
558,0.24796334499295952
559,0.247963732760842
560,0.247964063940637
561,0.24796334227675212
562,0.24796334503676337
563,0.24796497970408068
564,0.24796334446569301
565,0.2479635057455949
566,0.24796334549627086
567,0.24796886973238333
568,0.24796335334018701
569,0.24796431303486358
570,0.24795917377746454
571,0.24796334270843054
572,0.24796334660239794
573,0.24796334567137746
574,0.24796334241405354
575,0.24796339807648501
576,0.24796334465890757
577,0.2479633463871933
578,0.24796334421602617
579,0.2479633466069035
580,0.24796334545265303
581,0.247963344116156
582,0.2479633453781448
583,0.2479633456578227
584,0.247963344919114
585,0.2479633427167723
586,0.24796335124050453
587,0.24796334186901778
588,0.24796334482246063
589,0.24796334549601748
590,0.24796334668090508
591,0.24796334363355602
592,0.24797205292838143
593,0.24797382880789348
594,0.24797149877605346
595,0.24796344055528763
596,0.24796362977434103
597,0.24796320549294856
598,0.2479633032359983
599,0.24796417524411
600,0.247964453609979
601,0.24796334434999928
602,0.24787229894611187
603,0.24795506594565248
604,0.2479630227610028
605,0.24796322905850782
606,0.24796334570279768
607,0.24796360888844268
608,0.24796334642684473
609,0.24796324686378807
610,0.24796334375812024
611,0.24796966761499992
612,0.2479633602534797
613,0.247963576519642
614,0.24796339319141822
615,0.2479633464764935
616,0.24796334329981068
617,0.24796334294199346
618,0.2479633435271227
619,0.24796334618295135
620,0.24796334629008954
621,0.2479633422965823
622,0.2479620147858059
623,0.24795350333281413
624,0.2479632508822712
625,0.2479633432447167
626,0.24796334474701764
627,0.24796334715550397
628,0.24796334272504233
629,0.2479633447366083
630,0.24796334206406692
631,0.24796334271811102
632,0.2479633444181181
633,0.2479633471077615
634,0.2479633427097951
635,0.24796334485189822
636,0.24796251682286788
637,0.2479633455775154
638,0.2479633427097951
639,0.24796334557002686
640,0.24796324189265329
641,0.24796333444181856
642,0.24796333767957002
643,0.24796330166933858
644,0.24796334607050607
645,0.2479633438965383
646,0.24796334467203773
647,0.24796334334244316
648,0.24796334662901565
649,0.24796334739880702
650,0.24796334397870023
651,0.24796334381728669
652,0.24796334284166227
653,0.24796334606755174
654,0.24796334562436673
655,0.2479633416817852
656,0.24796334777091708
657,0.24796334451213498
658,0.24796334665446843
659,0.24796333969124693
660,0.24796334403043416
661,0.2479633473204915
662,0.2479633308730403
663,0.24796334173659124
664,0.24796334672948633
665,0.24796334697445968
666,0.24796334453539626
667,0.24796334410270962
668,0.2479633425325166
669,0.2479633437308717
670,0.24796343985261732
671,0.24796330753719417
672,0.24796334746770016
673,0.24796334568633382
674,0.24796334455066127
675,0.24796334416023508
676,0.24796334591987482
677,0.2479633445547641
678,0.24796338364383863
679,0.24796334392596242
680,0.24796334450412932
681,0.24796334439392445
682,0.24796334434169648
683,0.24796334674083853
684,0.24796334460580682
685,0.24796334579788104
686,0.2479633450241875
687,0.2479633458172264
688,0.24796334505834328
689,0.24796334528072525
690,0.24796334590712002
691,0.24796334453565375
692,0.24796334285813248
693,0.24796334462744898
694,0.24796334561525385
695,0.2479633460042692
696,0.24796334494215438
697,0.24796334620396607
698,0.24796334488775978
699,0.24789485311319626
700,0.24796334536130887
701,0.2479633468993974
702,0.2479633465852068
703,0.2479633474054241
704,0.24796334529541358
705,0.24796334514154691
706,0.24796334690175845
707,0.2479633450002062
708,0.2479633437210003
709,0.2479633427597621
710,0.24796334722705052
711,0.24796334447970772
712,0.24796334579829749
713,0.24796334696297284
714,0.24796334448438856
715,0.24796334492343056
716,0.24796334701091347
717,0.24796334380800317
718,0.24796335427425603
719,0.2479633466820481
720,0.2479633621160921
721,0.24796334443733262
722,0.24796334294070227
723,0.24796334562315916
724,0.24796334416769986
725,0.24796334436958775
726,0.2479633427097951
727,0.2479633427097951
728,0.2479633427097951
729,0.247963345551846
730,0.24766212702757295
731,0.2479117490928496
732,0.2479547956650084
733,0.2479640471244278
734,0.2479632824096496
735,0.24796335395280097
736,0.24796353883204258
737,0.2479633292691397
738,0.2479681944812804
739,0.2479633718703851
740,0.2479633460850435
741,0.24796204378803524
742,0.2479633441700722
743,0.24796288920375525
744,0.24796335787234922
745,0.24796298933227093
746,0.24796306106498042
747,0.24796333351900252
748,0.24796334497447978
749,0.24796334359251315
750,0.24796334413941915
751,0.24796345860396843
752,0.2479633465309507
753,0.24796344604104056
754,0.24796334480491797
755,0.24796338767853332
756,0.24796337341282407
757,0.2479602654131764
758,0.24796471947312532
759,0.2479633428226584
760,0.24796345139818257
761,0.24796334491901956
762,0.24796334734816836
763,0.2479633473594202
764,0.24796334731897854
765,0.2479633469819428
766,0.24796334582160445
767,0.24796334495061556
768,0.2479633427097951
769,0.24796334237867054
770,0.2479633417095624
771,0.2479633447013654
772,0.2479633420164907
773,0.24796334186411595
774,0.2479633450739961
775,0.24796334272504233
776,0.24796334362741504
777,0.2479633452663597
778,0.2479633464179213
779,0.24796334397361194
780,0.24796334537972203
781,0.24796334677407583
782,0.2479633427097951
783,0.24796334673767184
784,0.24796334684749657
785,0.2479633470355918
786,0.24796334531278072
787,0.24796334177255855
788,0.2479633427097951
789,0.24796334430124609
790,0.24796334668620595
791,0.2479633427097951
792,0.24796334648382742
793,0.2479633445052515
794,0.24796334323324862
795,0.2479633420164907
796,0.24796334709368223
797,0.24796334384714835
798,0.2479633427317504
799,0.24796334716363938
800,0.2479633427097951
801,0.24796334543553844
802,0.24796334284449162
803,0.2479633427097951
804,0.2479633458060741
805,0.24796334666458567
806,0.2479633415048555
807,0.24796334286321922
808,0.24796334257941668
809,0.24796334245318494
810,0.24796334272469825
811,0.2479633427097951
812,0.2479633420799007
813,0.2479633427097951
814,0.24796334274692738
815,0.2479633427097951
816,0.2479633427097951
817,0.2479633427097951
818,0.24796334351557991
819,0.24796334589672353
820,0.24796334568797682
821,0.2479633417072813
822,0.2479633427097951
823,0.24796334441449522
824,0.24796334433080522
825,0.2479633427097951
826,0.24796334315337779
827,0.24796334670407738
828,0.24796334275002097
829,0.24796334497358727
830,0.24796334648424767
831,0.2479633421798938
832,0.24795799259340817
833,0.2479641897974586
834,0.24796333668288087
835,0.2479626268363857
836,0.24796172069699168
837,0.24795765065426445
838,0.24796165693576355
839,0.24796593578853068
840,0.24796334284733443
841,0.2479633465230428
842,0.2479633427097951
843,0.24796334502048245
844,0.24796334624162888
845,0.2479633427097951
846,0.2479633454779379
847,0.2479633466977647
848,0.24796334427539624
849,0.24796334685028767
850,0.24796334405277098
851,0.24796334397282704
852,0.24796334657976776
853,0.24796334563759082
854,0.24796334596711725
855,0.24796334627743682
856,0.24796334616271237
857,0.247963346882477
858,0.247963344977328
859,0.24796334648804705
860,0.2479633415961792
861,0.24796334482383386
862,0.24796334616440224
863,0.2479633434792276
864,0.24796334513109228
865,0.2479633427097951
866,0.24796334665390493
867,0.24796334370668557
868,0.24796334382050914
869,0.2479633427097951
870,0.24796334397553915
871,0.24796334653756485
872,0.24796334188410366
873,0.24796334463561823
874,0.24796334531888176
875,0.24796334530203168
876,0.24796272890502213
877,0.24796321769717705
878,0.24796131382766934
879,0.24796334475516307
880,0.24796389725135884
881,0.24796334216353086
882,0.24796333846619908
883,0.24796432746009442
884,0.2479639674005763
885,0.2479633459583928
886,0.24796339387990812
887,0.24796240749571516
888,0.2479646068121538
889,0.24796438105658664
890,0.24796331286975343
891,0.24796329162519637
892,0.24797962978643898
893,0.2479738447220308
894,0.2479695215769416
895,0.24798117959194885
896,0.24799447598704563
897,0.24798686732607408
898,0.24796336966919008
899,0.24796341080783796
900,0.24796341857822463
901,0.24795484340704163
902,0.2479626347546997
903,0.247940340600024
904,0.247952825461227
905,0.24796340730369815
906,0.2479635028667039
907,0.24796334427882544
908,0.24796336855348886
909,0.247963549784451
910,0.24796334706418857
911,0.2479633587598816
912,0.24796339876047854
913,0.24796334398768166
914,0.24796334490705393
915,0.24796334564969863
916,0.24796334666147327
917,0.24796334398251949
918,0.2479633432749249
919,0.24796334346464163
920,0.24796330543316844
921,0.247963344974597
922,0.2479633427227781
923,0.24796334265900205
924,0.24798995598668072
925,0.24796351691445576
926,0.24796348548910152
927,0.247963540549102
928,0.24796334741575232
929,0.24796336830499294
930,0.24796339534289294
931,0.24796334690325797
932,0.24796334432904316
933,0.2479633443434096
934,0.24796336587045723
935,0.2479633428928316
936,0.24796334525806094
937,0.24796334516754542
938,0.24796334436223946
939,0.24796334528208916
940,0.2479632984447059
941,0.24796331905060656
942,0.2479633428136525
943,0.24796334421434035
944,0.2479633452320827
945,0.24796385391502632
946,0.24796326282971834
947,0.2479633168382718
948,0.24796334339756826
949,0.2479633515791933
950,0.24796334728059283
951,0.24796334443894216
952,0.24796334521509247
953,0.24796334412754378
954,0.24796334500268122
955,0.2479633425639299
956,0.24796334524261662
957,0.24796334749593815
958,0.24796334591538902
959,0.24796334542644066
960,0.2479633461571081
961,0.24796334362729852
962,0.24796334517028026
963,0.2479633469629331
964,0.2479633456507478
965,0.2479633463139212
966,0.24796334581861645
967,0.24796334570570255
968,0.24796334394607594
969,0.2479633456493617
970,0.2479633427097951
971,0.24796334649213223
972,0.24796334463036906
973,0.24796334709216844
974,0.24796334204686346
975,0.24796334293507283
976,0.2479633427097951
977,0.24796334380116708
978,0.2479633471521166
979,0.24796334406459883
980,0.24796334571515982
981,0.2479633465603046
982,0.24796334580361876
983,0.24796334273674087
984,0.2479633455635654
985,0.24796334356213295
986,0.24796334490050467
987,0.24796334363733283
988,0.2479633442674687
989,0.24796334660193178
990,0.24796334317133711
991,0.24796334284483507
992,0.2479633455395141
993,0.24796334489394767
994,0.2479633464192556
995,0.2479633458387728
996,0.2479633455530989
997,0.24796334769543857
998,0.24796334556089347
999,0.2479633473531589
1000,0.24796334534912626
1001,0.2479633453053401
1002,0.2479633448982788
1003,0.24796334484984162
1004,0.2479633427097951
1005,0.24794492311192332
1006,0.2479633427097951
1007,0.24796335917342077
1008,0.24796342308372202
1009,0.24790179560763426
1010,0.2479586191827656
1011,0.24796316116760805
1012,0.24796338360180387
1013,0.24796337186748313
1014,0.24796328258562658
1015,0.24796332951070474
1016,0.24796346418970616
1017,0.24796348503002194
1018,0.24770851161764962
1019,0.24796373094275284
1020,0.24796332659192838
1021,0.24794539488434236
1022,0.24796389133893534
1023,0.24796336514647957
1024,0.24796335185839644
1025,0.24796406600859394
1026,0.24798368232044476
1027,0.24796387245961662
1028,0.24796430069770825
1029,0.24796342704330326
1030,0.24796434773526457
1031,0.2479650784933711
1032,0.24796427075288624
1033,0.24796388880510434
1034,0.24796493229604363
1035,0.24796327651057162
1036,0.24795126348933003
1037,0.24796330003763933
1038,0.24796334662118055
1039,0.2479633449805789
1040,0.24796334630693725
1041,0.247963347535055
1042,0.24796334406617987
1043,0.24796334368294948
1044,0.24796334297191044
1045,0.24796334811256812
1046,0.24796334729799205
1047,0.24796334668517767
1048,0.2479633494592924
1049,0.24796336518905523
1050,0.24796334500370426
1051,0.24796335872039976
1052,0.2479633462054985
1053,0.24796334519359556
1054,0.2479633441242467
1055,0.24796348011780683
1056,0.24796336125406876
1057,0.24796337815227312
1058,0.24796335486636414
1059,0.24796334428988767
1060,0.2479633457856928
1061,0.24796334512423157
1062,0.24796334631596728
1063,0.24796334509772805
1064,0.2479633427097951
1065,0.2479633466591752
1066,0.24796334515498675
1067,0.24796334207597584
1068,0.2479633463019721
1069,0.2479633476722376
1070,0.2479633427097951
1071,0.24796334576169335
1072,0.24796334640578335
1073,0.24796334369818077
1074,0.24796334583047774
1075,0.24796334432768055
1076,0.24796334437283415
1077,0.24796334265778788
1078,0.2479633455819426
1079,0.24796334687105634
1080,0.2479633464789575
1081,0.24796334583641377
1082,0.2479633434262146
1083,0.24796334503447084
1084,0.24796334360806388
1085,0.24796334693833558
1086,0.24796334534751707
1087,0.24796334756098812
1088,0.2479633452298113
1089,0.2479633461393011
1090,0.2479633456862341
1091,0.24796334596840994
1092,0.24796334361995034
1093,0.24796334374350754
1094,0.24796334551962165
