reaction_index,Temp 1467.18
0,1.1564772571785544
1,1.1610454550112537
2,1.1613010267759813
3,1.1611207690174545
4,1.1610795286307933
5,1.1610618900621779
6,1.1610619868886942
7,1.1610618662942227
8,1.161061870023071
9,1.1610618643322552
10,1.1610618662942227
11,1.161061939595956
12,1.1610619671408566
13,1.1610618431183448
14,1.1610782741307335
15,1.161097822509286
16,1.1610507636462497
17,1.1610763572790925
18,1.1610731741652798
19,1.1610611041674967
20,1.1610618459928868
21,1.1610557289957726
22,1.1610632024460326
23,1.1610596485518807
24,1.1610621088703459
25,1.1610618986069248
26,1.1610620310441833
27,1.1610498965208975
28,1.161057725744846
29,1.1610615476962636
30,1.1610618353096387
31,1.1610618821357184
32,1.1610596808366849
33,1.1610795145907107
34,1.1610623972638656
35,1.1609321187381119
36,1.1610618674132078
37,1.1611259935507254
38,1.1610674394305154
39,1.1610618690317054
40,1.1610618706350506
41,1.161171774480856
42,1.1610927739822485
43,1.161063158400477
44,1.161061920736397
45,1.1610630796796348
46,1.1610642454292013
47,1.1610619690923178
48,1.1610356639804802
49,1.1610618776358883
50,1.1610609921595816
51,1.1610617592325605
52,1.1612108430515486
53,1.161063207322371
54,1.1610589194652399
55,1.1610620063513872
56,1.1610619817642842
57,1.1612363244829444
58,1.1614030535740096
59,1.161179595319083
60,1.1610793850613468
61,1.1610860671534926
62,1.1610670420205285
63,1.1610494104829046
64,1.1616761448687691
65,1.1612296107021913
66,1.1610603011664808
67,1.1610550492184333
68,1.161609255412789
69,1.1612768628451067
70,1.1610296269535414
71,1.161063986668066
72,1.1610541483103702
73,1.1611376644030365
74,1.1610618604024647
75,1.1610621912055459
76,1.1610616818697739
77,1.1610627395618456
78,1.1610635499654558
79,1.1610620974920423
80,1.1610619215817308
81,1.1610920228727921
82,1.160935140351553
83,1.1611976076969046
84,1.1610624327050159
85,1.1610626306769696
86,1.1610621898672806
87,1.1610618720536874
88,1.161061759308733
89,1.1610618676720543
90,1.1610618658068468
91,1.1610618676663929
92,1.1611434227802577
93,1.1610626167439115
94,1.1610338986278967
95,1.1610618785890097
96,1.1610619323047466
97,1.1610618643072435
98,1.1610620307749802
99,1.1610618851771022
100,1.1610618484706332
101,1.1610553325109574
102,1.1610618254611145
103,1.1610647240523224
104,1.161063119960216
105,1.1610618984852394
106,1.1610618825782826
107,1.1610619209568795
108,1.1611132175635646
109,1.1610217669853593
110,1.1610602760203916
111,1.1610616254222634
112,1.161057728713322
113,1.1610619353805107
114,1.1610634057189173
115,1.1610666657015654
116,1.161061508861027
117,1.161061870137256
118,1.1610625618461994
119,1.161061777935921
120,1.1610618619891548
121,1.1610618443449352
122,1.1610618680523657
123,1.1610620314089846
124,1.1610622973987583
125,1.1610618039797385
126,1.1610619209675177
127,1.1610616270599612
128,1.1610618796291272
129,1.1610618651320794
130,1.1610618693635046
131,1.1610454524180238
132,1.1613010263980452
133,1.1610657714258283
134,1.1610702493500593
135,1.1610713935844572
136,1.1610517022060303
137,1.1610958553718846
138,1.1612893243148155
139,1.1612289949992678
140,1.1611214921086628
141,1.1610789735124438
142,1.1610610371480417
143,1.1610618701749873
144,1.1610616384850247
145,1.1611137967545906
146,1.1610618483965387
147,1.161061382389592
148,1.1610617707575108
149,1.1610521432142922
150,1.1609412947533966
151,1.161060713678151
152,1.16106176948372
153,1.161061825412868
154,1.1610618664193566
155,1.161061105994962
156,1.1610618515436808
157,1.1610705910449242
158,1.16107178565741
159,1.161036098158415
160,1.1610097308418144
161,1.161061102277489
162,1.1610648376045132
163,1.1610620151892201
164,1.1610618675673503
165,1.1612387518348584
166,1.161063964802309
167,1.1610536822758546
168,1.1610618999163744
169,1.1610620268709038
170,1.1612820431807889
171,1.1609615337810242
172,1.1610620648132872
173,1.161062476050545
174,1.1610621901116487
175,1.1610570810994232
176,1.1610626311333219
177,1.1610619047073114
178,1.161060802875583
179,1.160771294379128
180,1.1610620330329078
181,1.1610488028927124
182,1.1610404689891143
183,1.1610621448616643
184,1.1610642866995486
185,1.1610508719050423
186,1.1610618595874116
187,1.1610613341323186
188,1.161061868298542
189,1.1610618649797246
190,1.1610614505679657
191,1.1610625443616251
192,1.161061896818431
193,1.1610617732558417
194,1.1610618670707595
195,1.161061867601443
196,1.1610618687698635
197,1.1610618691190586
198,1.1610618679414404
199,1.1610618651080988
200,1.161061869281093
201,1.1610618720771813
202,1.1610623100320012
203,1.1610618940800064
204,1.1610618681404135
205,1.1610618726983821
206,1.1610618661694156
207,1.1610618684699328
208,1.161061869308065
209,1.1610619018331154
210,1.162643010365587
211,1.161199770223007
212,1.1611127012276816
213,1.1610483359081651
214,1.1611536355535832
215,1.1609609987394807
216,1.1609849551180997
217,1.1612659956394387
218,1.161014659213562
219,1.1610618696298363
220,1.161063358183757
221,1.161447545683819
222,1.1612387857831965
223,1.1611738809918302
224,1.161061869932896
225,1.161057449415457
226,1.161061785841215
227,1.1618533603623362
228,1.16114310015098
229,1.1611806261043351
230,1.1610612696199383
231,1.1610938456147992
232,1.161061876620508
233,1.1610617125302256
234,1.1610618681710174
235,1.161061868735371
236,1.1610618676435063
237,1.1610618665623809
238,1.1610618683749396
239,1.1610618673217383
240,1.161061868678452
241,1.161244498180079
242,1.161061413396055
243,1.161055327640813
244,1.161061735751471
245,1.1617634753152053
246,1.1611471873198815
247,1.1611733840897662
248,1.1610611220481941
249,1.161081924552817
250,1.16106186625699
251,1.161061871905405
252,1.1612315444161767
253,1.1610442152911087
254,1.1610618697933348
255,1.1610618695706412
256,1.1610619426582307
257,1.1610618684800178
258,1.161061867105844
259,1.1610618705199494
260,1.161061872097632
261,1.1612045137850076
262,1.1610065699201981
263,1.161061860736387
264,1.1610618620304323
265,1.161062039510602
266,1.1610618662942227
267,1.1610031665151384
268,1.1610283449874395
269,1.161057223550357
270,1.1610277809295446
271,1.1610541286001317
272,1.1610605007202148
273,1.1610594150833353
274,1.1610815750266408
275,1.161074083654251
276,1.1609804144346545
277,1.16104068750953
278,1.161161473848028
279,1.1612036930205487
280,1.1610653413140368
281,1.161165560934235
282,1.1610618672161146
283,1.1610618692070733
284,1.1610618701530806
285,1.1610618696250146
286,1.157246342475139
287,1.1610618657783203
288,1.1610618526132048
289,1.1610618679377858
290,1.161061867025391
291,1.1610618675205249
292,1.161061875659047
293,1.1610619338261727
294,1.161062561304969
295,1.1610618495989702
296,1.1610623291496847
297,1.1610623883905942
298,1.1610617514908517
299,1.1610615514555567
300,1.1610618636061885
301,1.1610618367519867
302,1.1610618689063994
303,1.1610618148246654
304,1.161061858841402
305,1.1610618570357845
306,1.1610618670292217
307,1.161061867971989
308,1.1610618648203113
309,1.1610618649591595
310,1.1610618598706641
311,1.1610621097942035
312,1.1610618662348138
313,1.1610618654075202
314,1.1610618690128147
315,1.1610548638356961
316,1.1609688551201398
317,1.1610618673346385
318,1.1610618706980753
319,1.1610618690838734
320,1.1609891015800393
321,1.1610618694708599
322,1.1610618432546354
323,1.161061868792747
324,1.161061868200635
325,1.161061866945334
326,1.1610618646186563
327,1.1610618709183953
328,1.1610618674800248
329,1.161061157476992
330,1.1610623798092856
331,1.161061866915816
332,1.1610618659520557
333,1.1610618560488892
334,1.1610618665627626
335,1.1610618626114793
336,1.161061869731159
337,1.1610618664832604
338,1.1585089465705154
339,1.1610618698618627
340,1.161061865313777
341,1.1610618666579147
342,1.1610618640492942
343,1.1611387972285419
344,1.161061744537763
345,1.1610618259832406
346,1.1610833125492541
347,1.1610645374883508
348,1.1610585947758008
349,1.1610618679439877
350,1.161059900912132
351,1.1610618179859014
352,1.161061737744862
353,1.1610618884935948
354,1.1610618785069469
355,1.1610619226747843
356,1.161061876552712
357,1.1610618672928759
358,1.1610593206767157
359,1.1610618583285057
360,1.1610618718271657
361,1.1610618677782918
362,1.161297502084552
363,1.1610618704471065
364,1.1610618667010422
365,1.1610618683545884
366,1.1610618693884611
367,1.1610618701868731
368,1.1610619421876227
369,1.1610612725079184
370,1.1610320712059905
371,1.1610585199109007
372,1.1610614215518107
373,1.1610626918305365
374,1.1610564098575604
375,1.1610923615733142
376,1.161061149417913
377,1.1610620781431644
378,1.1610599885772155
379,1.1610618658392713
380,1.1610618672922037
381,1.1610610146420286
382,1.1610617463852353
383,1.1610607478988695
384,1.1610619391061823
385,1.1610618655332539
386,1.161061867220191
387,1.1610618235924548
388,1.161062289774927
389,1.1610618745641097
390,1.161105656096584
391,1.1610618689264631
392,1.1610618738440515
393,1.1611309648904795
394,1.1610618679511207
395,1.1610399976194756
396,1.1610681171185373
397,1.1610661069123889
398,1.1610619500392865
399,1.1610618776069352
400,1.1610618717287498
401,1.1610618662994876
402,1.1610315904870014
403,1.1621607516163608
404,1.1612923352202116
405,1.1610678837344963
406,1.1610618970208326
407,1.161061953875854
408,1.1610620772257736
409,1.1610619489034872
410,1.1610618881924402
411,1.161108525570754
412,1.1610618684640033
413,1.1610618695625785
414,1.1610618666975239
415,1.1610618699593103
416,1.161061887919515
417,1.161061866490841
418,1.161061869134906
419,1.161061868190292
420,1.1610618685803455
421,1.1610618677463223
422,1.1610618668341528
423,1.1610618668407762
424,1.1610618650541433
425,1.1610618684136262
426,1.161061891853552
427,1.161061870823831
428,1.1610618678919402
429,1.1610618914706001
430,1.1610618676223596
431,1.161061866906834
432,1.1610618684271596
433,1.161061865458164
434,1.1610618690646957
435,1.1610618669990864
436,1.1610618471720922
437,1.1610618687154757
438,1.1610618693358568
439,1.161061176658449
440,1.1610602182914171
441,1.16106186823383
442,1.1610608923262413
443,1.1610618491755194
444,1.161061868253981
445,1.1610618666556616
446,1.1610618654787535
447,1.1610618559503538
448,1.161061836464759
449,1.16106186474913
450,1.161061832542155
451,1.1610618743648502
452,1.1610707173895014
453,1.1610612278534216
454,1.1610618711707137
455,1.1610619084672031
456,1.1610618686920597
457,1.1610618640943007
458,1.1611382674104886
459,1.161061869932451
460,1.161061850966726
461,1.1610542784194167
462,1.1610618663308658
463,1.1610618667263617
464,1.1610618817443905
465,1.161062334366566
466,1.1610663628148399
467,1.1610618178081062
468,1.161061953139407
469,1.1610619243377722
470,1.1610621498845786
471,1.1610979308027
472,1.1610618670354402
473,1.1610618671378434
474,1.161062005071031
475,1.1610618693532773
476,1.1610411668528786
477,1.1610618666493024
478,1.1610618662003216
479,1.1610618663091659
480,1.1610618670935382
481,1.1610618656844307
482,1.1611129841052497
483,1.1610618671352744
484,1.1610618199152203
485,1.16106186855265
486,1.161199494533229
487,1.1610622427249748
488,1.1609512746892374
489,1.1610618646297242
490,1.1610618693010901
491,1.1610618654413347
492,1.1610618627953315
493,1.1610618582785646
494,1.161061861694245
495,1.1610618655996163
496,1.1610618663820187
497,1.1610618653461204
498,1.1610618663626342
499,1.1610618710301608
500,1.1610618630632623
501,1.1610618640732646
502,1.1610618657655214
503,1.1610618642743633
504,1.1610618693795185
505,1.161061866181563
506,1.1610578816365402
507,1.1610618647879176
508,1.1610618681185958
509,1.161042664998011
510,1.1603005833616296
511,1.1610557519840499
512,1.1610618695964487
513,1.1610628738169249
514,1.161061864904298
515,1.1610618644185164
516,1.1610618777043245
517,1.161061868346077
518,1.1624742382460154
519,1.1610618971802331
520,1.1610618691388896
521,1.1610618679262357
522,1.1610618680505784
523,1.1610618683681246
524,1.161061877044594
525,1.161061892368211
526,1.1610618695809878
527,1.1610618652958271
528,1.1610618637746093
529,1.161061867528215
530,1.1610617379492585
531,1.1610527679377223
532,1.1618470755177603
533,1.1612357439865788
534,1.1610618702279907
535,1.1610621568400727
536,1.1610618697769528
537,1.1610618683359086
538,1.161059821239907
539,1.161065875535869
540,1.1610619844472694
541,1.1610618802798316
542,1.1610619522358891
543,1.1610220556448139
544,1.1610550032740077
545,1.1610540026627054
546,1.161061040379666
547,1.1611083981991086
548,1.1611240104257132
549,1.1610611753243019
550,1.1612293131475304
551,1.1610591865794289
552,1.1610700041870106
553,1.1610618671995174
554,1.1610597244951713
555,1.161061883605097
556,1.1610570877636937
557,1.1610636310703655
558,1.161196895431577
559,1.1610619324440226
560,1.1610619640346058
561,1.1610618618631097
562,1.1610618663843015
563,1.1610627580282618
564,1.1610618685930731
565,1.1610618899044316
566,1.1610618675896307
567,1.1610613032452475
568,1.1610618640849548
569,1.1610618853092316
570,1.1610605362411304
571,1.1610618620567927
572,1.1610618656249738
573,1.1610618658567597
574,1.161061871421982
575,1.161061910883174
576,1.1610618651569848
577,1.161061866274656
578,1.1610618687806626
579,1.1610618648668172
580,1.1610618668314459
581,1.1610618657502183
582,1.161061868638407
583,1.1610618668696262
584,1.16106516004426
585,1.1610618700237219
586,1.1610618712844354
587,1.161061869539471
588,1.1610618666813937
589,1.1610618714597558
590,1.1610618650318387
591,1.161061868236823
592,1.1610676510597577
593,1.161064628778576
594,1.1610661375679567
595,1.1610618905379073
596,1.161061994584565
597,1.1610618012076626
598,1.1610617691714762
599,1.1610626300743918
600,1.161066273798298
601,1.1610618618664217
602,1.1609664868442229
603,1.1610528247426926
604,1.1610617200632913
605,1.1610618146347191
606,1.1610618721091328
607,1.1610653112894243
608,1.1611470621886668
609,1.161061837209948
610,1.1610618645669462
611,1.1610675988070382
612,1.1610618769909098
613,1.1610618646666067
614,1.1610618675619813
615,1.1610618659767205
616,1.1610619053647104
617,1.1610618700056763
618,1.1610618668556787
619,1.1610618656913898
620,1.1610618685979377
621,1.1610618686248186
622,1.1610612541940335
623,1.1610615930406483
624,1.1610618483247794
625,1.1610618836482827
626,1.1615756228383645
627,1.1610735685540847
628,1.161061867257818
629,1.1610618700138151
630,1.161061869496892
631,1.1610618694634431
632,1.1610620585414977
633,1.161076466716636
634,1.161061868367054
635,1.1610618681208642
636,1.1610618411859293
637,1.16106082924344
638,1.161141191156836
639,1.1610384275615593
640,1.1610618427409929
641,1.1610618667634995
642,1.1610618667583321
643,1.1610618559601096
644,1.1610618657830485
645,1.1610618685834981
646,1.161061869915774
647,1.1610618688151026
648,1.1610618679121614
649,1.161061876516039
650,1.161061866824549
651,1.161061866989176
652,1.161061867384211
653,1.1610618671980009
654,1.161061866901696
655,1.1610618654336609
656,1.1610618711365432
657,1.161061865416872
658,1.1610618708908842
659,1.1610618660664618
660,1.1610618651185751
661,1.161061868122862
662,1.161061857959077
663,1.161061866167629
664,1.1610618687618937
665,1.1610618707933071
666,1.16106186630651
667,1.1610618677928464
668,1.1610618667850916
669,1.1610618706187361
670,1.1610618852976025
671,1.1610618217002613
672,1.1610618675970314
673,1.1610618687039649
674,1.1610618697698416
675,1.1610618664872354
676,1.161061865690732
677,1.1610618648239401
678,1.1610619078995128
679,1.1610618203849778
680,1.1610618661129173
681,1.1610618648045254
682,1.1610618679382427
683,1.161061868861751
684,1.1610618684776732
685,1.161061865410932
686,1.1610618700764093
687,1.161061868187886
688,1.1610618661972794
689,1.1610618696417938
690,1.161061870121135
691,1.1610618659677125
692,1.1610618707303173
693,1.1610618673130437
694,1.1610618662824852
695,1.1610618669563004
696,1.161061864119133
697,1.16106186502187
698,1.1610618616250892
699,1.161259362456676
700,1.161061868254508
701,1.1610618653938507
702,1.1610618667836323
703,1.1610618676638398
704,1.1610618697360127
705,1.161061865551858
706,1.1610618664313266
707,1.1610618678727087
708,1.1610618653422906
709,1.1610618661917274
710,1.1610618664430719
711,1.1610618682973683
712,1.1610618638298569
713,1.161061868710907
714,1.1610618695854107
715,1.1610618684175151
716,1.1610618672539015
717,1.1610618666923613
718,1.1610618709502494
719,1.1610618676004838
720,1.1610618698880053
721,1.161061870854858
722,1.161061867418021
723,1.1610618696346486
724,1.1610618644191866
725,1.161061866445089
726,1.1610618685824547
727,1.1610618658360452
728,1.161061867575781
729,1.161061870796261
730,1.1609768664153932
731,1.16097562686286
732,1.161059999483974
733,1.1610619580216017
734,1.1610608047224642
735,1.1610618663353334
736,1.1610618753929425
737,1.161061867492481
738,1.1610621344984486
739,1.161061828527363
740,1.1610618651054092
741,1.1610617974844069
742,1.1610618665448098
743,1.1610618003464233
744,1.1610618713548895
745,1.1610608636100914
746,1.1610608608332305
747,1.1610618664414687
748,1.1610618665509695
749,1.1610618703742586
750,1.161061865970602
751,1.1610618749027652
752,1.161061870155279
753,1.1610618708989089
754,1.1610629896845175
755,1.161061863237813
756,1.1610618700204236
757,1.161058212536675
758,1.1610619232629493
759,1.1610618667895174
760,1.1610618701856676
761,1.1610618682537632
762,1.1610618702327868
763,1.1610618705493723
764,1.1610618719016528
765,1.1610618635951149
766,1.1610618660020782
767,1.1610667066235152
768,1.1610604884564948
769,1.161062289450594
770,1.1610618769934213
771,1.161061875915437
772,1.161061867910026
773,1.1610618676469944
774,1.1610626085834277
775,1.1610618916260047
776,1.1610618669886712
777,1.1610625087847712
778,1.1610613998254151
779,1.1610618546986693
780,1.16105406310018
781,1.1610604271109919
782,1.1610545871248399
783,1.161062386826263
784,1.161062396804631
785,1.1610630513564641
786,1.1610622022194044
787,1.1610618697943305
788,1.1610617857833563
789,1.1610617857633456
790,1.16106186437566
791,1.1610016093206543
792,1.1610622318482176
793,1.1610622284270744
794,1.1610619242855384
795,1.161061870283376
796,1.1610618594503372
797,1.161062733335831
798,1.1610619647177927
799,1.161061864126837
800,1.1610618576555425
801,1.1610575597273465
802,1.161061866087358
803,1.1610618695570551
804,1.1610618659270004
805,1.1610618660421728
806,1.1610570521194097
807,1.1610618322167752
808,1.1610618676560223
809,1.1610618671380775
810,1.161077515888212
811,1.1611991674427757
812,1.1610618678773812
813,1.161061867995111
814,1.1610618660614134
815,1.161061809519215
816,1.161061847857707
817,1.1610618677563194
818,1.1610618753540796
819,1.1610587291468377
820,1.1610585471333972
821,1.1610810377699954
822,1.1612539488622136
823,1.1610659627271396
824,1.161085521668084
825,1.1610618847452405
826,1.1610619271631715
827,1.1610624746380296
828,1.1610625959489076
829,1.1610643046308655
830,1.1610619093124674
831,1.161061867219156
832,1.1610568544394042
833,1.161063386662581
834,1.1610618253171092
835,1.1610565456824806
836,1.1610606568762352
837,1.1610618059406446
838,1.1610618537229915
839,1.1610619099835204
840,1.1610618679418103
841,1.1610618684218967
842,1.1610618746037353
843,1.161061866763641
844,1.1610618703856455
845,1.1610618922956957
846,1.1610618657474276
847,1.1610618663600794
848,1.1610618657995555
849,1.1610618678802616
850,1.161061865768156
851,1.1610618672853366
852,1.1610618663796302
853,1.1610618685792886
854,1.1610618682566296
855,1.161061869313087
856,1.1610618672031552
857,1.1610618658261829
858,1.1610618665170187
859,1.1610618677733722
860,1.161061864061067
861,1.161061866118543
862,1.161061864706936
863,1.16106186568841
864,1.1610618665363068
865,1.1610618662053405
866,1.1610618703604259
867,1.1610621003994708
868,1.1610618712033232
869,1.1610618681603309
870,1.160848125346861
871,1.1610618645791957
872,1.1610618676752065
873,1.1610618680710945
874,1.1610618666855628
875,1.1610618659056797
876,1.1610551200793928
877,1.1610622322483333
878,1.1610628288002756
879,1.1610618672491952
880,1.1610622588962358
881,1.1610618805418818
882,1.1610618577803853
883,1.1610637300495388
884,1.1610656395525845
885,1.1610617970723054
886,1.1610635939486091
887,1.1610593732409638
888,1.161065477314812
889,1.1610653334781005
890,1.161061742742891
891,1.1610613819387294
892,1.1610957268107203
893,1.1610692552207342
894,1.161063033003091
895,1.1611386100205552
896,1.1612121711974523
897,1.1611450418567737
898,1.161061530097717
899,1.1610618606921121
900,1.1610618931714227
901,1.1610315380935408
902,1.1610560565647292
903,1.161203835552961
904,1.161030018687797
905,1.1610619483832318
906,1.1610619741848267
907,1.161061864661179
908,1.1610619081610207
909,1.1610631193880665
910,1.161064084280647
911,1.1610618781893423
912,1.1610618959603667
913,1.1610618673512434
914,1.1610618671115887
915,1.1610618697715849
916,1.1610618658201768
917,1.161061796170213
918,1.1610618652550737
919,1.161058784525251
920,1.161062310375944
921,1.1610618813296438
922,1.1610618703146462
923,1.1610618686294507
924,1.161143749709956
925,1.1610621525095657
926,1.161061975007998
927,1.161063216935109
928,1.1610670165047814
929,1.1610618867347458
930,1.1610619065320262
931,1.16106187299358
932,1.1610618669155144
933,1.1610618689785963
934,1.1610619091864118
935,1.1610618651998443
936,1.1610619062200551
937,1.1610602760157396
938,1.161061867298283
939,1.1610618692885364
940,1.1610618240305661
941,1.161061777618807
942,1.161061864315269
943,1.1610618684071055
944,1.161061868752037
945,1.1610605508174083
946,1.1610616069673334
947,1.161062053402088
948,1.1610618898179292
949,1.16106188405621
950,1.1610618721056156
951,1.1610624821753202
952,1.1610622071840795
953,1.1610618647757023
954,1.1610618640297836
955,1.1610618673725437
956,1.1610618682663263
957,1.1610618687915868
958,1.1610554369669774
959,1.1612977929462387
960,1.1610618665630348
961,1.1610618557322643
962,1.1610616876432784
963,1.1610542295958752
964,1.1610619902775912
965,1.1610618705475226
966,1.161061868758703
967,1.1610618673821085
968,1.16106186954042
969,1.1610618688703083
970,1.1610619050325242
971,1.1610618659280094
972,1.1610618687473466
973,1.1610618656291178
974,1.1610618686204086
975,1.1610618674692057
976,1.1610618718780663
977,1.1610618690665273
978,1.1610618667084192
979,1.1610618674842892
980,1.1610611184198276
981,1.1610628544988462
982,1.1610609368513327
983,1.1610618711582037
984,1.1610618686932044
985,1.1610618679539422
986,1.1610618617507764
987,1.1610618563084647
988,1.161060088705623
989,1.1610619097618466
990,1.161061601528721
991,1.161061685042246
992,1.1610618646165933
993,1.1610618677233249
994,1.1610618574224194
995,1.1610621908317211
996,1.1610618669451396
997,1.1610618619838933
998,1.1610618665989103
999,1.1610622963787565
1000,1.1610618721948769
1001,1.1610622076357957
1002,1.1610618845397007
1003,1.1610618690783687
1004,1.1610618662942227
1005,1.1610441238352758
1006,1.1610618662942227
1007,1.1610618979312317
1008,1.161061953661095
1009,1.161312730052836
1010,1.161060493388901
1011,1.1610614598917002
1012,1.1610620105239413
1013,1.1610618699631157
1014,1.161061735924889
1015,1.1610617976560145
1016,1.1610629857817096
1017,1.161061920072477
1018,1.1613080891656409
1019,1.1610620777262846
1020,1.1610618637220262
1021,1.1610560609529277
1022,1.1610618938657602
1023,1.161061902839558
1024,1.1610618828430936
1025,1.1610646548399475
1026,1.161077032158213
1027,1.1610621555807679
1028,1.161062039688015
1029,1.1610618865641995
1030,1.1610622025846287
1031,1.161062531064145
1032,1.161062503850789
1033,1.1610622574348688
1034,1.1610737693188178
1035,1.1610617794433749
1036,1.1610488145751157
1037,1.161061698884251
1038,1.1610618657557734
1039,1.1610618656992908
1040,1.1610618668524633
1041,1.161061867897818
1042,1.1610618683368839
1043,1.161061867309655
1044,1.1610618652384996
1045,1.1610618667644925
1046,1.1610618660575405
1047,1.1610618631868899
1048,1.1610618665804449
1049,1.161061869092254
1050,1.1610618668359598
1051,1.1610618687472065
1052,1.161061865491644
1053,1.1610618680726814
1054,1.161061871892581
1055,1.1610618890376752
1056,1.1610618688290855
1057,1.1610621161595285
1058,1.161061983479265
1059,1.161061868674482
1060,1.161061867996489
1061,1.1610618688811687
1062,1.1610618695286072
1063,1.1610618690925942
1064,1.1610618662942227
1065,1.1610618686032754
1066,1.1610618643267334
1067,1.1610618653296874
1068,1.1610618692491685
1069,1.1610618712004146
1070,1.161061866605477
1071,1.1610618673838562
1072,1.1610618606465704
1073,1.1610618692034382
1074,1.161061864650008
1075,1.1610618693862764
1076,1.1610618664383585
1077,1.1610618681170493
1078,1.161061866931653
1079,1.1610618667255521
1080,1.1610618672834971
1081,1.1610618689544925
1082,1.161061867006247
1083,1.1610618682108806
1084,1.1610618732229254
1085,1.1610618697562851
1086,1.1610618706759641
1087,1.1610624415947293
1088,1.1609942491791743
1089,1.1610618679743863
1090,1.1610624989190714
1091,1.1610619475643609
1092,1.161054910868694
1093,1.1610609649168826
1094,1.161112083052521
