reaction_index,Temp 1818.18
0,0.011182644281305816
1,0.01140656825137884
2,0.011399745585258221
3,0.011400569259972812
4,0.0114117319351203
5,0.011407184377809345
6,0.011407194133545212
7,0.011407182306847452
8,0.011407181889462076
9,0.011407182133547834
10,0.011407182306847452
11,0.011407198165936163
12,0.01140723405866049
13,0.011407185455952734
14,0.011407492911158282
15,0.011409458296934622
16,0.011404433139752587
17,0.011407630660577405
18,0.011408512756406733
19,0.011407165958748133
20,0.011407182040038709
21,0.011405238426543758
22,0.01140742111765674
23,0.011407467502972597
24,0.011407249779596873
25,0.011407226157984483
26,0.011407461588169871
27,0.01140655483122275
28,0.011407559705037498
29,0.011407179322493124
30,0.011407181993023135
31,0.011407185584304202
32,0.011407150129227916
33,0.011407394592245634
34,0.011407139277143529
35,0.01140341219864344
36,0.01140718228004488
37,0.011396166670271012
38,0.011407270283557137
39,0.011407182333174696
40,0.011407182296807827
41,0.011385368082850966
42,0.011416656594239478
43,0.011407470927542018
44,0.0114071919510057
45,0.01140728594290317
46,0.011408761400591992
47,0.011407197497044741
48,0.011403300198755545
49,0.011407184253892562
50,0.011407179035582913
51,0.011407179539400866
52,0.011415698396131454
53,0.0114065199328157
54,0.011407156802770801
55,0.011407201444689232
56,0.011407176294107885
57,0.01141594251099778
58,0.011427379931962743
59,0.011410432554475483
60,0.011410975358804516
61,0.01141348544986831
62,0.011408221916097224
63,0.011406563684338225
64,0.011406859552772167
65,0.011406963132735383
66,0.011407204605219915
67,0.01140596141355736
68,0.011386132611727384
69,0.011407731984684658
70,0.01140864404079627
71,0.011407569321081367
72,0.011407086674935283
73,0.011409116329040795
74,0.011407180922467
75,0.011407193943666667
76,0.011407272878428317
77,0.011407373304170444
78,0.011407785939851112
79,0.011407384019328724
80,0.011407188909358896
81,0.011410573840656081
82,0.011406546411048248
83,0.01140858299220613
84,0.011407360648852945
85,0.011407412636931598
86,0.01140722878078237
87,0.011407179400294046
88,0.011407120311630447
89,0.011407182422672331
90,0.011407182254957854
91,0.011407182555440999
92,0.011422564007057736
93,0.011407261796990994
94,0.011406789570402646
95,0.011407190723867757
96,0.011407248686286002
97,0.01140718281390031
98,0.011407183183426726
99,0.011407188231748073
100,0.011407182242496382
101,0.011407106760717975
102,0.011407175368823646
103,0.011407964510044838
104,0.011407529580255576
105,0.011407207230494435
106,0.011407186530658583
107,0.011407216192555468
108,0.011407156657588317
109,0.01140112904038467
110,0.011406831043009814
111,0.01140717845839648
112,0.011406900806997237
113,0.011407208943447085
114,0.011407025391128683
115,0.011406655465570447
116,0.011407093053817971
117,0.011407182195180799
118,0.01140757199618288
119,0.01140718208723468
120,0.011407182267783053
121,0.011407182209487922
122,0.011407182297252147
123,0.01140721321566739
124,0.011407304006016637
125,0.01140715546636446
126,0.011407195903117099
127,0.011407172036010048
128,0.01140719125397953
129,0.011407180449368089
130,0.011407183710613042
131,0.011406568224351
132,0.011399745633347513
133,0.011409163083361514
134,0.011407104796401944
135,0.011407909393194674
136,0.0114071199610772
137,0.011408185724399205
138,0.011403236719215597
139,0.011401359892797147
140,0.011393481053353567
141,0.011407392514872453
142,0.011407172917139866
143,0.011407182271176581
144,0.011407183958474027
145,0.011409264297002295
146,0.011407185838520227
147,0.011407164287082848
148,0.011407179072467329
149,0.011407016173712467
150,0.011404192417321168
151,0.011407167608962725
152,0.011407182052914923
153,0.011407182096199491
154,0.011407182207922074
155,0.01140716598211226
156,0.011407182057642027
157,0.01141372667100866
158,0.011407637099584296
159,0.011407262198268748
160,0.011393756787347413
161,0.011408484144863291
162,0.01140881168282535
163,0.011407308589461478
164,0.011407182442051519
165,0.011411987572023222
166,0.011407208834165019
167,0.011406248600052817
168,0.011407226159811388
169,0.01140746157599951
170,0.0113992292230172
171,0.011398417026308718
172,0.011407251670828684
173,0.011407372653196027
174,0.01140726933504591
175,0.011407160039063162
176,0.011407298551698333
177,0.011407195959908193
178,0.011407133924382796
179,0.011346761870921877
180,0.01140727476005092
181,0.011406004700687662
182,0.011403463817286066
183,0.011407251015465587
184,0.011407639176994624
185,0.011407138862126449
186,0.011407181882894817
187,0.011407177412371081
188,0.011407182290618788
189,0.01140718231277973
190,0.011407132530297853
191,0.011407150005841419
192,0.011407223961698663
193,0.01140719079054542
194,0.011407182278403257
195,0.01140718315055732
196,0.011407182304708554
197,0.011407182788105458
198,0.011407182824914267
199,0.011407182277864745
200,0.011407182989188872
201,0.01140720920569804
202,0.011407259626331434
203,0.011407182564875024
204,0.01140718225797327
205,0.01140718228838972
206,0.011407182425796844
207,0.011407182264471466
208,0.011407182276555718
209,0.011407217482244516
210,0.011407182261718489
211,0.011407182298642312
212,0.011407182295444677
213,0.01140718227899938
214,0.011407182291544134
215,0.011407182283565668
216,0.011407182286250594
217,0.011407182298050102
218,0.011407182263167458
219,0.011407182278218879
220,0.011407182294961321
221,0.011407182279923683
222,0.011407182261611215
223,0.01140718227704448
224,0.011407182289033974
225,0.011405998131556924
226,0.011407179214208928
227,0.011434609180982514
228,0.011407084106343276
229,0.01141075366420462
230,0.011407172653579099
231,0.011407379511714355
232,0.011407182382502283
233,0.011407162675431329
234,0.011407184933932344
235,0.011407182317225687
236,0.011407182988585386
237,0.011407182294238911
238,0.011407182381051427
239,0.011407239592517082
240,0.011407185097872787
241,0.011407182299044962
242,0.011407187859261406
243,0.011405910520932386
244,0.011407177688158028
245,0.011440469511407425
246,0.01140658399000005
247,0.011411018941654175
248,0.011407169997084809
249,0.011407342243876233
250,0.011407182278658952
251,0.01140718241051398
252,0.011395961407911371
253,0.011406460990771288
254,0.011407186194711818
255,0.011407182263345916
256,0.01140720517201123
257,0.011407182302133742
258,0.011407182401563524
259,0.01140720799150382
260,0.011407184816319388
261,0.011407182297951379
262,0.011407205975308692
263,0.01140716394917297
264,0.011407152875461561
265,0.011407548403086266
266,0.011407182306847452
267,0.011407449737188291
268,0.01140731424897972
269,0.011407198621945237
270,0.011405294906332453
271,0.011406789546204839
272,0.011407192048788784
273,0.011407200312394507
274,0.01140750472021749
275,0.01140753585214952
276,0.011407628355885829
277,0.011407383204426377
278,0.011408291363646527
279,0.011411122127028757
280,0.011407182296569307
281,0.01140718229058371
282,0.011407185787416048
283,0.011407184292286696
284,0.011407184888023033
285,0.011407185787402619
286,0.01140718226964676
287,0.011407182263413968
288,0.011407182296389937
289,0.011407185021690256
290,0.011407184826953234
291,0.01140718350021284
292,0.011407250280904783
293,0.01140728627369416
294,0.011408036888976247
295,0.011407181441874885
296,0.011407426741551279
297,0.011407389824790722
298,0.011407182306847452
299,0.011407182296443113
300,0.011407182260743567
301,0.011407182283739546
302,0.011407182285922728
303,0.011407182302545666
304,0.011407182293267204
305,0.011407182291239786
306,0.011407182282843825
307,0.011407182308548612
308,0.011407182296257791
309,0.011407182258726556
310,0.011407182257214628
311,0.011407841488424681
312,0.011407182325687408
313,0.011407182243158969
314,0.011407182285724996
315,0.011407182276358445
316,0.011407182307847302
317,0.01140718227848679
318,0.011407182283680876
319,0.011407182305921177
320,0.011407182294833207
321,0.011407182302239027
322,0.011407182274888336
323,0.011407182306847452
324,0.011407182287074354
325,0.011407182280397245
326,0.011407182280308311
327,0.011407182295142378
328,0.011407182318380988
329,0.011407122681010295
330,0.011407243642701709
331,0.011407182291082136
332,0.011407182296420341
333,0.011407182266275951
334,0.011407182288233361
335,0.011407186069306038
336,0.011407184336630528
337,0.011407184001972036
338,0.011407182304858118
339,0.011407182305289363
340,0.01140718229490225
341,0.011407182304124084
342,0.011407182301863529
343,0.01141311349933773
344,0.011407217273700204
345,0.01140718059121193
346,0.011408461578632187
347,0.011406773135722055
348,0.011407283952794913
349,0.011407181487310281
350,0.011406884184446152
351,0.011407183115077518
352,0.011407180495850598
353,0.011407182496978056
354,0.011407182381398663
355,0.011407222484187378
356,0.011407184118461403
357,0.011407182872828906
358,0.011407182307134566
359,0.01140718199974452
360,0.011407182534789706
361,0.011407182275583244
362,0.011407182300376231
363,0.011407182304800352
364,0.011407182296691186
365,0.011407182306847452
366,0.011407182304351967
367,0.011407182289103025
368,0.011407183454499566
369,0.01140718129352658
370,0.01140762656141248
371,0.011407209210416163
372,0.011407179851832979
373,0.011407423245717219
374,0.011406847135092315
375,0.011408690637856553
376,0.011407143813725321
377,0.011407229350290938
378,0.011406610782980107
379,0.011407182905454947
380,0.011407182285955459
381,0.011407060381877887
382,0.011407180807467839
383,0.011407161464815397
384,0.01140718310460547
385,0.011407182276477447
386,0.011407182279935247
387,0.011407182267898809
388,0.011407182298417702
389,0.011407182290921865
390,0.011407182306847452
391,0.011407182300986975
392,0.01140718228307433
393,0.011407182285533406
394,0.011407182306847452
395,0.011407182264980371
396,0.011407182266621975
397,0.011407182276347657
398,0.011410265815723294
399,0.011407185806721705
400,0.011407184915917147
401,0.011407182280784911
402,0.011434473449669082
403,0.011407182308006372
404,0.011407182281471086
405,0.011407182301426712
406,0.011407182294775772
407,0.011407305311386626
408,0.011407416284806095
409,0.011407185102625329
410,0.011407187107889467
411,0.011407182302827315
412,0.01140718228539012
413,0.011407182306847452
414,0.011407182287188334
415,0.011407182306847452
416,0.011407182277306483
417,0.011407182275294374
418,0.011407182465390573
419,0.011407182300042768
420,0.011407182706945001
421,0.011407182319011718
422,0.011407182281694654
423,0.011407182290536895
424,0.011407182274521931
425,0.011407182303810564
426,0.011407211261127098
427,0.011407182285680917
428,0.011407182262458203
429,0.011407182274050673
430,0.011407182302391378
431,0.011407182286460996
432,0.011407182296886647
433,0.01140718229586065
434,0.011407182307901083
435,0.011407182476484255
436,0.011407182292614629
437,0.011407182293488367
438,0.011407182268102417
439,0.011407091786851209
440,0.011407111870991459
441,0.01140718225929674
442,0.011407182285275473
443,0.011407182306435549
444,0.011407182259238835
445,0.011407182292989749
446,0.011407182290352586
447,0.01140718229940576
448,0.011407182306844465
449,0.011407182307157863
450,0.011407182307106255
451,0.011407182306119961
452,0.011407182306258054
453,0.011407182306847452
454,0.011407182304047001
455,0.011407182308778446
456,0.011407182306847452
457,0.011407182306847452
458,0.01140718230570377
459,0.011407182305594834
460,0.01140718230700569
461,0.01140718230676326
462,0.01140718230820526
463,0.011407182306749171
464,0.011407182307652
465,0.011407182306596427
466,0.011407182304066022
467,0.011407182306881737
468,0.011407182307114636
469,0.01140718230615128
470,0.011407182307783672
471,0.011407182268765054
472,0.011407182296151107
473,0.011407182302000626
474,0.011407182306847452
475,0.011407182307370424
476,0.011407182263044165
477,0.011407182322083017
478,0.011407182281748097
479,0.01140718225656202
480,0.011407182272114192
481,0.011407182306649112
482,0.011407182306847452
483,0.011407182294657581
484,0.011407182306909387
485,0.011407182274022246
486,0.011407182290586921
487,0.011407182295879139
488,0.011407182306875796
489,0.011407182306363714
490,0.011407182308950038
491,0.011407182305847122
492,0.011407182305690636
493,0.011407182288446676
494,0.011407182280095447
495,0.011407182281796747
496,0.011407182301238168
497,0.011407182301087646
498,0.011407182296844176
499,0.011407182304237803
500,0.01140718230464651
501,0.0114071823040198
502,0.011407182306847452
503,0.011407182302797284
504,0.01140718230401451
505,0.011407182306847452
506,0.011407182293408834
507,0.01140718230626183
508,0.011407182306847452
509,0.011407182306836022
510,0.011407182269436864
511,0.011407182302982644
512,0.01140718229809888
513,0.011407182303839329
514,0.011407182293671155
515,0.01140718230121522
516,0.011407182274602641
517,0.011407182289209703
518,0.01140718231207365
519,0.01140718230782999
520,0.01140718230143783
521,0.011407182299825664
522,0.011407182306847452
523,0.011407182304726003
524,0.011407182294160797
525,0.011407182278506373
526,0.011407182309514144
527,0.011407182304351756
528,0.011407182301529388
529,0.011407182306847452
530,0.011407182257586974
531,0.011407182285597929
532,0.011407182294695763
533,0.011407182300158357
534,0.011407182308479945
535,0.01140718231640422
536,0.011407182307374399
537,0.01140718230578753
538,0.011407182307800105
539,0.011407182297820706
540,0.011407182306963495
541,0.011407182163416471
542,0.011407181897201977
543,0.0114036130172951
544,0.011406427721938067
545,0.01141544653613055
546,0.011408185489867266
547,0.01140803562139597
548,0.011416262658266526
549,0.011407173404032809
550,0.011420013949118308
551,0.011407165907486496
552,0.011407416875512878
553,0.011407182354836098
554,0.011407086004400324
555,0.011407183760060094
556,0.011407138216374188
557,0.011407590225339319
558,0.011407182288465231
559,0.01140720021362132
560,0.011407201636027476
561,0.011407182301511852
562,0.011407182258167049
563,0.01140725140759244
564,0.011407182292567023
565,0.011407185469815841
566,0.011407182299192343
567,0.011407864998466116
568,0.011407182991345955
569,0.011407211415629299
570,0.01140716693330569
571,0.011407182306807347
572,0.011407182280277916
573,0.011407182275446796
574,0.011407182303681724
575,0.011407196958298733
576,0.011407182274443078
577,0.011407182289424401
578,0.011407182282955893
579,0.011407182284952353
580,0.01140718228584784
581,0.011407182261994877
582,0.011407182268940724
583,0.01140718227376868
584,0.011407182280975203
585,0.011407182309118288
586,0.011407184836465375
587,0.011407182287591418
588,0.01140718227956402
589,0.011407182293149395
590,0.011407182282078812
591,0.011407182287512117
592,0.011408531874343859
593,0.011408016507698992
594,0.011407404807425634
595,0.011407184051495255
596,0.01140719618347212
597,0.011407182010840377
598,0.011407181972634803
599,0.011407220194173182
600,0.011407254594443167
601,0.01140718224851564
602,0.011402548971656351
603,0.011406657754559608
604,0.011407167486684659
605,0.011407175138478975
606,0.011407182301879454
607,0.011407258481558633
608,0.011407182279063233
609,0.011407181789730545
610,0.011407182267600357
611,0.011407658870093023
612,0.011407187012111058
613,0.011407193631857286
614,0.011407184371574392
615,0.011407182388227115
616,0.011407182304810425
617,0.011407182308434273
618,0.011407182274762947
619,0.011407182276637156
620,0.011407182275427986
621,0.011407182305830195
622,0.011407107321103739
623,0.011407134754213455
624,0.011407182069887872
625,0.011407182306383611
626,0.011407182301014436
627,0.011407182297312139
628,0.011407182306811021
629,0.01140718230013968
630,0.011407182306921644
631,0.011407182304975576
632,0.011407182304880484
633,0.011407182303428399
634,0.011407182306847452
635,0.011407182304981835
636,0.01140717904410284
637,0.01140718230242205
638,0.011407182306847452
639,0.01140718230598303
640,0.011407181892685364
641,0.011407182152746793
642,0.011407182317446238
643,0.011407182232794211
644,0.011407182297550493
645,0.011407182297428965
646,0.011407182290536189
647,0.011407182275716502
648,0.011407182303673982
649,0.011407182495591129
650,0.011407182294668786
651,0.011407182289174063
652,0.01140718229341426
653,0.011407182337075121
654,0.011407182269575189
655,0.011407182137453372
656,0.011407182257275798
657,0.01140718222557642
658,0.011407182353304408
659,0.011407182195004284
660,0.011407182255329003
661,0.011407182292741137
662,0.011407181999679099
663,0.0114071822723097
664,0.011407182246469832
665,0.011407182294028331
666,0.011407182293690237
667,0.011407182295544058
668,0.011407182280005828
669,0.011407182357329243
670,0.011407189552053823
671,0.011407177506387088
672,0.011407182262726238
673,0.011407182284214864
674,0.011407182268708824
675,0.011407182282578558
676,0.011407182309669481
677,0.011407182278794876
678,0.011407186767357727
679,0.011407182303753254
680,0.011407182302877288
681,0.01140718231080696
682,0.011407182295567286
683,0.011407182261553154
684,0.011407182246350457
685,0.011407182423141992
686,0.011407182246256227
687,0.011407182282175382
688,0.011407182310921768
689,0.011407182292154101
690,0.011407182302044882
691,0.011407182305284766
692,0.011407182305775757
693,0.011407182285254974
694,0.011407182292467047
695,0.011407182282017807
696,0.011407182313515393
697,0.011407182328656926
698,0.011407182248669438
699,0.011391319158548036
700,0.011407182288961554
701,0.011407182220405293
702,0.011407182309607907
703,0.011407182281644697
704,0.011407182310253994
705,0.011407182266637667
706,0.011407182291582208
707,0.011407182283377077
708,0.011407182284621538
709,0.011407182292313441
710,0.01140718229338883
711,0.011407182302761254
712,0.01140718229790542
713,0.011407182300385241
714,0.011407182306847452
715,0.01140718230342856
716,0.01140718230219031
717,0.011407182313876928
718,0.011407182357365944
719,0.0114071822839045
720,0.01140718238346449
721,0.011407182306405863
722,0.011407182289582807
723,0.011407182237427543
724,0.011407182302156257
725,0.011407182278924698
726,0.011407182306847452
727,0.011407182306847452
728,0.011407182306847452
729,0.01140718227607005
730,0.011404046155139512
731,0.011405312173338554
732,0.011406971712822966
733,0.01140722314238633
734,0.011407036997139115
735,0.011407182746576606
736,0.011407193427163363
737,0.011407182805965943
738,0.011407268948179143
739,0.011407182163925058
740,0.011407182287214872
741,0.011407177694206792
742,0.011407182297213572
743,0.011407175089849692
744,0.011407182528806476
745,0.011407141392593474
746,0.011407165734484415
747,0.011407182108741679
748,0.011407182253824961
749,0.011407182295662985
750,0.011407182310249177
751,0.011407186643109232
752,0.011407182353625698
753,0.011407185492522091
754,0.011407182296770714
755,0.011407183141651043
756,0.011407183038209196
757,0.011407135411398692
758,0.011407200052637912
759,0.011407182306817738
760,0.011407183632827809
761,0.011407182289550505
762,0.011407182292844983
763,0.011407182298847159
764,0.011407182254847296
765,0.011407182300284549
766,0.011407182310801834
767,0.011407182273362208
768,0.011407182306847452
769,0.011407182289926949
770,0.011407182306847452
771,0.011407182289966547
772,0.011407182307670844
773,0.011407182305370876
774,0.011407182298019245
775,0.011407182306294119
776,0.01140718230416376
777,0.01140718227885932
778,0.011407182289590317
779,0.011407182306702391
780,0.011407182298284031
781,0.011407182297096639
782,0.011407182306847452
783,0.01140718232277543
784,0.011407182267625974
785,0.011407182285729633
786,0.011407182292251796
787,0.011407182306847452
788,0.011407182306847452
789,0.011407182252505253
790,0.011407182297980295
791,0.011407182306847452
792,0.011407182266454095
793,0.011407182298216344
794,0.011407182311861448
795,0.01140718230554589
796,0.011407182298436276
797,0.011407182296340738
798,0.011407182306332643
799,0.011407182302300258
800,0.011407182306847452
801,0.011407182291775926
802,0.011407182297658207
803,0.011407182306847452
804,0.011407182301588456
805,0.011407182281206107
806,0.011407182306574564
807,0.011407182306847454
808,0.011407182306797993
809,0.011407182308732866
810,0.01140718230684745
811,0.011407182306847452
812,0.011407182307022468
813,0.011407182306847452
814,0.011407182306847452
815,0.011407182306847452
816,0.011407182306847452
817,0.011407182306847452
818,0.011407182305772342
819,0.011407182290282567
820,0.011407182268227683
821,0.011407182306847452
822,0.011407182306847452
823,0.01140718228177011
824,0.0114071822568389
825,0.011407182306847452
826,0.011407182301304174
827,0.011407182274987247
828,0.011407182297580771
829,0.011407182306714107
830,0.011407182301139216
831,0.011407182295025648
832,0.011406940572416714
833,0.011407216772142615
834,0.011407182172961473
835,0.011407158262229305
836,0.011407129801592756
837,0.011407043516249753
838,0.011407126566376397
839,0.011407296992829372
840,0.011407182279889478
841,0.011407182284459475
842,0.011407182306847452
843,0.0114071822838513
844,0.01140718229775648
845,0.011407182306847452
846,0.011407182302719254
847,0.011407182293300079
848,0.011407182289592553
849,0.011407182315511773
850,0.011407182272021595
851,0.01140718229734686
852,0.011407182296910422
853,0.011407182292757532
854,0.011407182305444264
855,0.011407182286639088
856,0.011407182261796765
857,0.01140718226456765
858,0.011407182279985172
859,0.011407182290506085
860,0.011407182301218304
861,0.011407182270521895
862,0.011407182290896357
863,0.011407182302212424
864,0.011407182289659755
865,0.011407182306847452
866,0.01140718223785434
867,0.01140718226272923
868,0.011407182286069831
869,0.011407182306847452
870,0.01140718226647037
871,0.011407182254554364
872,0.011407182298124909
873,0.011407182257416156
874,0.011407182266273465
875,0.011407182290010516
876,0.011407178780682396
877,0.011407161070505892
878,0.011406952878769888
879,0.011407182257565355
880,0.011407193416530674
881,0.011407182241580271
882,0.011407182185113413
883,0.011407196290804113
884,0.011407201694134395
885,0.011407182447581552
886,0.011407182371074574
887,0.01140717513934889
888,0.011407267214249959
889,0.011407260407276446
890,0.011407181894457625
891,0.011407181437982849
892,0.011408456307390083
893,0.011407670334479939
894,0.011407504887511508
895,0.011408462372589176
896,0.011409562605920773
897,0.011408549256360385
898,0.011407181649826167
899,0.011407182418256445
900,0.01140723492417026
901,0.011406569620293903
902,0.011407290925331388
903,0.011406920452690473
904,0.011405636546657582
905,0.011407183552800562
906,0.01140718526446916
907,0.011407182298917856
908,0.011407183024242448
909,0.011407196471123347
910,0.011407182276947276
911,0.011407182875755234
912,0.011407183530145745
913,0.011407182292373379
914,0.011407182313685265
915,0.011407182298240557
916,0.011407182244255288
917,0.01140718325457685
918,0.011407182290323068
919,0.01140718229173282
920,0.011407182051034874
921,0.01140718229597547
922,0.011407182274962974
923,0.011407182304435217
924,0.011407944205172807
925,0.011407186088606573
926,0.011407185137053877
927,0.01140719705758378
928,0.01140718223734372
929,0.011407183288564698
930,0.0114071835025337
931,0.011407182305043544
932,0.011407182301528903
933,0.01140718226640105
934,0.011407182979684669
935,0.011407182272252951
936,0.01140718245635334
937,0.011407182295932754
938,0.011407182267428402
939,0.011407182297514088
940,0.011407182111103637
941,0.01140718171781408
942,0.011407182307027416
943,0.011407182303915218
944,0.01140718230117029
945,0.011407203154069243
946,0.011407181219975013
947,0.011407182088654388
948,0.011407182240972607
949,0.011407183474601748
950,0.011407183264107728
951,0.011407182289446241
952,0.011407182297283651
953,0.011407182271212124
954,0.011407182271611546
955,0.011407182293584207
956,0.011407182276010317
957,0.011407182260083094
958,0.011407182280188175
959,0.011407182307475968
960,0.011407182267501023
961,0.011407182295508472
962,0.011407182286992468
963,0.011407182297188371
964,0.011407182292048205
965,0.011407182292962045
966,0.011407182294849891
967,0.01140718229900258
968,0.011407182303737926
969,0.011407182302736942
970,0.011407182306847452
971,0.011407182300294512
972,0.011407182302301908
973,0.011407182296405196
974,0.011407182298533235
975,0.011407182306847452
976,0.011407182306847452
977,0.011407182305205512
978,0.011407182304219728
979,0.011407182298933982
980,0.01140718228384787
981,0.011407182309155554
982,0.011407182286985118
983,0.01140718229203568
984,0.011407182304938287
985,0.011407182300611383
986,0.011407182304176172
987,0.011407182305636386
988,0.011407182274889635
989,0.011407182271475524
990,0.011407182272870076
991,0.011407182287491246
992,0.011407182297336652
993,0.011407182292619502
994,0.011407182275091379
995,0.01140718226935287
996,0.011407182275909743
997,0.011407182315822582
998,0.01140718230548121
999,0.011407182288030131
1000,0.01140718229254077
1001,0.011407182275120876
1002,0.01140718226607381
1003,0.011407182306098088
1004,0.011407182306847452
1005,0.011404552322470115
1006,0.011407182306847452
1007,0.011407195637156543
1008,0.011407288267771503
1009,0.01138982184743816
1010,0.011406545900342504
1011,0.011407154965620744
1012,0.011407186487366001
1013,0.011407185093312955
1014,0.011407172513530798
1015,0.011407176877931038
1016,0.011407224935849964
1017,0.011407202806964055
1018,0.01138058566172257
1019,0.011407404118673864
1020,0.011407180920333092
1021,0.01140609458485068
1022,0.011407199001672221
1023,0.011407204067900087
1024,0.01140719345510622
1025,0.011406504524139102
1026,0.011409877667981138
1027,0.011407257423588986
1028,0.011407210878398369
1029,0.011407184819631567
1030,0.011407240851739239
1031,0.011407330876221464
1032,0.011407347438187453
1033,0.011407307869560599
1034,0.011407867696783905
1035,0.011407102197050415
1036,0.011405461721044731
1037,0.0114071634653739
1038,0.011407182250168017
1039,0.011407182358809538
1040,0.01140718227725337
1041,0.011407182276284056
1042,0.011407182288797663
1043,0.01140718228513423
1044,0.011407182292117167
1045,0.011407182270682633
1046,0.011407182335655436
1047,0.011407182291275122
1048,0.01140718353126935
1049,0.01140718330454521
1050,0.011407182273814286
1051,0.011407182849698626
1052,0.011407182277181198
1053,0.011407182275365775
1054,0.011407182282289905
1055,0.01140720147966864
1056,0.011407182676953917
1057,0.011407195630929337
1058,0.011407189652085243
1059,0.01140718233209011
1060,0.011407182297951996
1061,0.011407182291031272
1062,0.011407182283693406
1063,0.011407182302090325
1064,0.011407182306847452
1065,0.01140718229889892
1066,0.011407182277097465
1067,0.011407182288551556
1068,0.01140718229095661
1069,0.011407182302811118
1070,0.011407182306847452
1071,0.01140718230534168
1072,0.01140718229479848
1073,0.011407182297230183
1074,0.011407182290310847
1075,0.011407182316397708
1076,0.011407182298848465
1077,0.011407182292329416
1078,0.011407182294203073
1079,0.01140718230415906
1080,0.011407182261458077
1081,0.011407182311828358
1082,0.011407182276098273
1083,0.011407182303593937
1084,0.01140718226188773
1085,0.011407182302517893
1086,0.011407182301077479
1087,0.011407182297376495
1088,0.011407182277866086
1089,0.011407182284710674
1090,0.011407182276562578
1091,0.011407182303643425
1092,0.011407182290121986
1093,0.011407182269611441
1094,0.011407182300904959
