reaction_index,Temp 1292.51
0,1.0251082583934528
1,1.0284593113172895
2,1.028401325918587
3,1.0280987240963622
4,1.0284732894356061
5,1.0284679693962522
6,1.0284680081305164
7,1.0284679492037272
8,1.028467952845952
9,1.028467949998903
10,1.0284679492037272
11,1.0284679973246316
12,1.0284681210488378
13,1.0284679790653573
14,1.0284820255201992
15,1.0285378776662937
16,1.0284395627726879
17,1.02849100565869
18,1.0285201344352912
19,1.0284627171528011
20,1.028467748931046
21,1.0284225375905538
22,1.0284732457499635
23,1.0284672652636107
24,1.028468765631498
25,1.028468693243574
26,1.02847079447694
27,1.028452865579975
28,1.0284694809844956
29,1.0284678366049345
30,1.0284679433735833
31,1.0284680021652617
32,1.0284664433418442
33,1.028479585250557
34,1.0284675657574727
35,1.0283225626085917
36,1.0284679510944914
37,1.0281201119637633
38,1.0284729748961412
39,1.0284679537319805
40,1.0284679528682297
41,1.0280029233068222
42,1.0285026023910053
43,1.0284695084296032
44,1.0284679819804339
45,1.0284684391660928
46,1.0284695933184467
47,1.0284681256332056
48,1.0284559694393134
49,1.028467950520916
50,1.028467582965603
51,1.0284678898320594
52,1.0286344204841427
53,1.028464452377626
54,1.0284564985219453
55,1.0284680708064027
56,1.028468394902754
57,1.028605365562034
58,1.0286973659221335
59,1.0285475925476306
60,1.0284890463297434
61,1.0284820032585111
62,1.0284787897897214
63,1.0284429682267648
64,1.028807007991326
65,1.0285472462137417
66,1.0284664524909444
67,1.028462053082443
68,1.0287150503324922
69,1.0284087951683045
70,1.0284584006655193
71,1.0284692489593354
72,1.0284636139251335
73,1.0285551007754696
74,1.0284679516316968
75,1.0284683956625567
76,1.0284685075686582
77,1.0284687880871934
78,1.0284698667866792
79,1.0284683716956031
80,1.0284680498512446
81,1.0285126654104173
82,1.0283555835253646
83,1.0286003472646623
84,1.0284690335883038
85,1.0284694024713175
86,1.0284685342425566
87,1.028467947327472
88,1.0284677290175375
89,1.0284679522030666
90,1.028467952277003
91,1.0284679529090162
92,1.0284034066224859
93,1.0284691022099257
94,1.028405798610397
95,1.028467992576004
96,1.0284682255621502
97,1.0284679515658117
98,1.02846825352412
99,1.0284679878746756
100,1.0284679390958065
101,1.0284612170409975
102,1.0284678925106692
103,1.0284709822513882
104,1.028468595251127
105,1.0284679847611695
106,1.0284679562675632
107,1.028468003568953
108,1.0284790731336897
109,1.0284247028656648
110,1.0284656293352674
111,1.0284671574228494
112,1.02846101615771
113,1.028468099843158
114,1.0284674515243646
115,1.0284668886232893
116,1.028467753554535
117,1.0284679510455965
118,1.0284700377665268
119,1.0284678614504514
120,1.028467946356085
121,1.0284679316397434
122,1.028467951780768
123,1.0284682158449863
124,1.0284688046445518
125,1.0284678327485806
126,1.0284680422046018
127,1.0284670048317222
128,1.0284679747479535
129,1.0284679487851864
130,1.0284679523725582
131,1.0284593115829823
132,1.028401323688065
133,1.0284959978525228
134,1.0284728283825375
135,1.0284747705789177
136,1.0284550921737892
137,1.0286316531326904
138,1.028296258046494
139,1.0284516256675695
140,1.027823179922105
141,1.0284921843021662
142,1.0284662045942143
143,1.0284679526778302
144,1.028467961410356
145,1.028501220008599
146,1.0284679548178954
147,1.0284678655486401
148,1.0284679356084538
149,1.0284629694595433
150,1.0284116022875318
151,1.0284666699969625
152,1.0284679207930039
153,1.0284679404629817
154,1.0284679496998523
155,1.028462719654448
156,1.0284677527826638
157,1.0284822744433377
158,1.0284743761312303
159,1.0284224396622357
160,1.0284274936167255
161,1.0284979557705938
162,1.0284723525003863
163,1.0284684466817007
164,1.0284679508411412
165,1.0278139442189635
166,1.0284702396419054
167,1.0284542784804467
168,1.0284686935353888
169,1.0284707915720253
170,1.0283423191930325
171,1.0283085569901378
172,1.0284682841029225
173,1.0284689606522135
174,1.0284685208456865
175,1.028467823411465
176,1.028470345675666
177,1.0284680754941942
178,1.0284662412589227
179,1.0237931783417065
180,1.028468654104022
181,1.028440913074335
182,1.0284566623023004
183,1.0284684468212242
184,1.0284702488417392
185,1.0284393151147706
186,1.0284679402070338
187,1.028465722443434
188,1.028467950208493
189,1.0284679344520717
190,1.0284665439959453
191,1.0284703335674823
192,1.0284679932850063
193,1.0284678713823312
194,1.0284679511193413
195,1.028467959592369
196,1.0284679511984307
197,1.0284679511986576
198,1.0284679540845805
199,1.0284679459480153
200,1.028467956201583
201,1.0284680626510216
202,1.0284692658936647
203,1.028467981587302
204,1.0284679497865652
205,1.0284679506846612
206,1.0284679514319628
207,1.0284679540526491
208,1.0284679516933304
209,1.0284679924813096
210,1.0287351440518349
211,1.0284678882613563
212,1.0265789610937457
213,1.0284502434936957
214,1.028576591189115
215,1.027185989222124
216,1.0284316530826778
217,1.0283276680297961
218,1.028453630030337
219,1.028467961087501
220,1.0284696931922612
221,1.028799762348441
222,1.0285585079360169
223,1.0286739909708456
224,1.0284679498278726
225,1.0284587027965701
226,1.0284673725239406
227,1.0296124348700473
228,1.0285608985675754
229,1.029024032318589
230,1.0284523155406535
231,1.0285609715184472
232,1.0284679781292247
233,1.0284676620397388
234,1.0284679987551442
235,1.028467949934745
236,1.0284679573495394
237,1.0284679508595098
238,1.028467953919254
239,1.028468116287937
240,1.0284679644441894
241,1.028701064823346
242,1.0284708373218572
243,1.0284595858444512
244,1.0284671616021912
245,1.0292913453944463
246,1.0285236699453908
247,1.0288270827264083
248,1.02845190037352
249,1.028509127674533
250,1.0284679515115296
251,1.0284679752835417
252,1.0278041818874253
253,1.0284312717521995
254,1.028467985163
255,1.028467949847119
256,1.028468034302431
257,1.0284679494770337
258,1.0284679496897389
259,1.028468009546225
260,1.0284679601670317
261,1.0286173758374848
262,1.0282736003212065
263,1.0284679495881266
264,1.0284679536014236
265,1.02846947511642
266,1.0284679492037272
267,1.0284563694705975
268,1.0284611952049594
269,1.0284669612022634
270,1.0284027537002558
271,1.0284454218646126
272,1.0284805423041343
273,1.0284906014957116
274,1.028511975486953
275,1.0284898685681958
276,1.0281957009650378
277,1.0283992897363172
278,1.0286707737246206
279,1.0286792497783894
280,1.0284757977615024
281,1.0287563860252378
282,1.0284679799367877
283,1.0284679774145626
284,1.0284679649947417
285,1.0284679801103418
286,1.0242529043915973
287,1.0284679517233246
288,1.0284679569893547
289,1.0284679598654496
290,1.028467962584357
291,1.0284679512674364
292,1.028467969859015
293,1.028468122591763
294,1.0284701318738014
295,1.0284679364535319
296,1.0284703463531357
297,1.0284714178193484
298,1.0284677453606275
299,1.0284556788830266
300,1.0284678915664391
301,1.0284679222138204
302,1.028467950835582
303,1.0284678459858692
304,1.0284679477426224
305,1.0284679373118064
306,1.0284679489187876
307,1.0284679510866117
308,1.02846795572722
309,1.028467921717435
310,1.028467933282516
311,1.0284696478492052
312,1.028467950677202
313,1.0284679505172425
314,1.0284679515052446
315,1.028463901484547
316,1.0283675573495321
317,1.028467916488754
318,1.0284679526156222
319,1.0284679536525019
320,1.0284181046784981
321,1.028467950725498
322,1.0284679138290707
323,1.0284679552032858
324,1.0284679521251066
325,1.0284679534364438
326,1.0284679501133418
327,1.0284679526018785
328,1.028467950269019
329,1.0284690071511053
330,1.028481505109772
331,1.0284679519625206
332,1.0284679509484205
333,1.0284679517475082
334,1.028467950484775
335,1.0284679579450564
336,1.0284679551209994
337,1.0284679524061222
338,1.027910569634654
339,1.0284679522721223
340,1.028467948805645
341,1.0284679531544625
342,1.0284679533057721
343,1.028937355254588
344,1.0284683915879689
345,1.0284678049469993
346,1.028499061128688
347,1.0284673200843861
348,1.0284603404100727
349,1.0284679333274385
350,1.0284602801991574
351,1.0284681385814687
352,1.0284671444975633
353,1.028468007732932
354,1.0284679715740468
355,1.028468261310276
356,1.0284679875455587
357,1.028467954155218
358,1.0284663236136575
359,1.0284679338971567
360,1.0284679572302213
361,1.0284679515958182
362,1.028458239101703
363,1.028467951124043
364,1.028467952736686
365,1.0284679505754764
366,1.0284679487349666
367,1.0284679505462473
368,1.0284680009835065
369,1.0284676529258785
370,1.0284439704266035
371,1.0284649534460237
372,1.0284673130025928
373,1.0284689848073976
374,1.0284652529512892
375,1.0284887375313019
376,1.0284671518650301
377,1.0284684687170078
378,1.028465287427343
379,1.028467952510957
380,1.028467951537634
381,1.028464530465999
382,1.0284679256352784
383,1.0284678317714135
384,1.0284679622095418
385,1.028467952978862
386,1.0284679494282352
387,1.028467945773241
388,1.0284681754279235
389,1.0284679556554626
390,1.028467654765793
391,1.0284679505462353
392,1.0284679573677402
393,1.0284818805164233
394,1.0284679511979697
395,1.0284640641289633
396,1.0284714964460755
397,1.0284698636318816
398,1.0284681700687706
399,1.0284679845088518
400,1.0284679902442968
401,1.028467952169822
402,1.028545670147025
403,1.0295516359522778
404,1.0284445554810993
405,1.0284691803735553
406,1.0284679923489297
407,1.0284681871406238
408,1.0284686254173587
409,1.028467988384199
410,1.0284679970880255
411,1.0284872304437593
412,1.0284679523490026
413,1.0284679510112942
414,1.028467949715487
415,1.0284679520402347
416,1.028467957125457
417,1.0284679517197077
418,1.0284679501445697
419,1.0284679513763313
420,1.0284679521494846
421,1.0284679517907294
422,1.0284679504199061
423,1.028467953348778
424,1.0284679533535086
425,1.0284679521065352
426,1.0284680298591944
427,1.028467950640243
428,1.0284679513518922
429,1.0284679835535693
430,1.0284679514223143
431,1.0284679492620377
432,1.028467953521564
433,1.0284679495726214
434,1.0284679473988074
435,1.0284679550931513
436,1.0284678547668689
437,1.028467951742403
438,1.028467953094158
439,1.0284661039734677
440,1.028459996386364
441,1.0284679544126851
442,1.028467671610288
443,1.0284678990214824
444,1.028467952432741
445,1.0284679383547606
446,1.0284679506541954
447,1.028467953002363
448,1.0284679682471463
449,1.0284679516502309
450,1.0284679186688317
451,1.0284679650400503
452,1.02846614413117
453,1.0284702626877436
454,1.0284679551362275
455,1.0284681445769004
456,1.0284679508651167
457,1.0284679497037885
458,1.028492249498825
459,1.0284679574161986
460,1.0284679446663496
461,1.0284645169264286
462,1.028467949758012
463,1.028467953067981
464,1.028467970098002
465,1.0284688837922384
466,1.0284686112109553
467,1.0284678781817473
468,1.0284680702371733
469,1.028467781210373
470,1.0284679945088169
471,1.0284734635875785
472,1.0284679517820514
473,1.0284679516538193
474,1.0284679628682594
475,1.0284679509154717
476,1.028466548847227
477,1.0284679517285666
478,1.0284679496609777
479,1.028467948883695
480,1.0284679508223007
481,1.0284679526927132
482,1.0284845290548283
483,1.0284679526253089
484,1.0284679288315275
485,1.028467951254828
486,1.0285716666017364
487,1.028468105733577
488,1.0283880053733812
489,1.0284679515230384
490,1.0284679514423694
491,1.028467950769702
492,1.0284679511153692
493,1.0284679480746977
494,1.0284679517109803
495,1.028467951977463
496,1.0284679550470668
497,1.0284679493879092
498,1.0284679498219513
499,1.0284679523525875
500,1.0284679504025813
501,1.0284679513802888
502,1.0284679503206593
503,1.028467947192355
504,1.028467947445172
505,1.0284679534110692
506,1.0284655415330335
507,1.0284679521156188
508,1.0284679523482712
509,1.0284602561683962
510,1.0261285032009988
511,1.0284612958859785
512,1.028467949049478
513,1.0284680949739864
514,1.028467953310307
515,1.0284679526313703
516,1.0284679575095188
517,1.0284679505608574
518,1.0297789002429105
519,1.0284679630749627
520,1.0284679567841013
521,1.0284679482421388
522,1.0284679524638123
523,1.0284679503001053
524,1.0284679566477677
525,1.0284679631079408
526,1.0284679539703325
527,1.0284679513133541
528,1.0284679503435608
529,1.0284679520540112
530,1.0284679314803524
531,1.0284629401854932
532,1.0287667470252895
533,1.0284756720581303
534,1.0284679542399942
535,1.0284681706837162
536,1.02846795038341
537,1.0284679501145135
538,1.02846780493997
539,1.0284680983881593
540,1.0284681689126574
541,1.0284678241089011
542,1.0284677552753234
543,1.0283463097614414
544,1.028448019683934
545,1.0287040997335806
546,1.0285044173983346
547,1.0285415038963892
548,1.0287506205059207
549,1.0284648226192972
550,1.0287872137211536
551,1.0284704325174463
552,1.0284962053425482
553,1.0284679607230713
554,1.0284618112206438
555,1.0284680453662507
556,1.0284528733036935
557,1.0284781139948467
558,1.028644636926446
559,1.0284686243113192
560,1.0284691852267953
561,1.0284679295582606
562,1.0284679526803464
563,1.0284707749098336
564,1.0284679520671522
565,1.0284681074909203
566,1.0284679514443464
567,1.0284729997636906
568,1.0284679606213
569,1.028467949079701
570,1.0284599529988891
571,1.0284680307883873
572,1.0284679518144122
573,1.0284679513050061
574,1.0284679504473866
575,1.0284679985199858
576,1.0284679506792098
577,1.0284679504811813
578,1.0284679523151963
579,1.028467949412
580,1.028467953660591
581,1.028467949793275
582,1.0284679527827978
583,1.0284679510482069
584,1.0284698261848726
585,1.0284679494669409
586,1.028467957783822
587,1.0284679496256937
588,1.0284679508311805
589,1.028467948955793
590,1.028467949474607
591,1.0284679485534425
592,1.0284795210699387
593,1.0284787461083258
594,1.028484352518675
595,1.0284680733162221
596,1.028468400048051
597,1.028467626138147
598,1.0284676632368916
599,1.028469369427148
600,1.0284718099420058
601,1.0284679363847307
602,1.0282815895849258
603,1.0284506525097008
604,1.0284644891481673
605,1.0284668257385978
606,1.0284679648363284
607,1.028469026757676
608,1.0285809742958176
609,1.028467671501729
610,1.0284679501099783
611,1.0284786291378814
612,1.028467967233284
613,1.0284681117243275
614,1.0284679793839773
615,1.0284679534627008
616,1.02846797136382
617,1.0284679519511142
618,1.0284679505224208
619,1.028467951873267
620,1.0284679528557505
621,1.0284679518232447
622,1.028465511600894
623,1.0284803450874866
624,1.0284678505650027
625,1.0284679539761503
626,1.0286514510073976
627,1.0284669261193666
628,1.0284679497339213
629,1.0284679512546895
630,1.0284679512707076
631,1.028467950832879
632,1.0284679493171507
633,1.0284696839339271
634,1.028467952818591
635,1.0284679512049275
636,1.0284685148178687
637,1.028467926197953
638,1.0284702718841787
639,1.0284659480223237
640,1.0284678291101483
641,1.0284679593259036
642,1.0284679584521361
643,1.0284678941552836
644,1.0284679509433057
645,1.028467950258695
646,1.0284679515349855
647,1.0284679491820394
648,1.0284679512323118
649,1.0284679563144044
650,1.0284679507257513
651,1.02846795198869
652,1.0284679508629795
653,1.0284679492485964
654,1.0284679508262902
655,1.0284679482325365
656,1.0284679486786132
657,1.02846794938964
658,1.0284679537849393
659,1.0284679537429482
660,1.0284679500648228
661,1.028467950654136
662,1.02846792476681
663,1.0284679513001473
664,1.0284679507407652
665,1.028467951592492
666,1.0284679501276444
667,1.0284679487542965
668,1.0284679513548516
669,1.0284679485648673
670,1.0284679881711314
671,1.0284678673124907
672,1.0284679515933306
673,1.0284679525178682
674,1.0284679532128125
675,1.0284679530202965
676,1.0284679509674648
677,1.0284679485415789
678,1.028468038683056
679,1.028467947487439
680,1.0284679509083756
681,1.0284679500808867
682,1.0284679505978154
683,1.0284679518118014
684,1.028467952505794
685,1.0284679510869088
686,1.0284679495470896
687,1.0284679516479447
688,1.0284679530373857
689,1.0284679514392803
690,1.0284679502130503
691,1.0284679486266466
692,1.0284679519328261
693,1.0284679550920892
694,1.0284679518152602
695,1.0284679518172002
696,1.0284679528964145
697,1.0284679527624587
698,1.0284679496532152
699,1.0283398757421327
700,1.0284679517557578
701,1.028467948796129
702,1.0284679517870934
703,1.0284679519937279
704,1.0284679498311584
705,1.0284679523698406
706,1.028467953084852
707,1.0284679495749511
708,1.028467950670352
709,1.028467946083321
710,1.028467951153323
711,1.0284679509540078
712,1.02846794763183
713,1.0284679513489967
714,1.0284679484962271
715,1.0284679482819776
716,1.028467950622763
717,1.0284679513898305
718,1.0284679600523021
719,1.0284679546102862
720,1.028467965530659
721,1.028467953515513
722,1.0284679504164953
723,1.0284679506430643
724,1.0284679494244298
725,1.0284679523087148
726,1.028467952217663
727,1.0284678928745665
728,1.028467950487606
729,1.0284679507281838
730,1.0282052967408122
731,1.0283920420009824
732,1.0284599071722915
733,1.0284682115184174
734,1.0284674604497164
735,1.0284679546594813
736,1.0284680109663913
737,1.0284679626384299
738,1.028469936238018
739,1.028467970684507
740,1.0284679488511292
741,1.0284676571981248
742,1.0284679515878372
743,1.0284677984529724
744,1.0284679628986368
745,1.028467862231709
746,1.0284674435294452
747,1.0284679475739782
748,1.0284679498166744
749,1.0284679504826169
750,1.02846795194337
751,1.0284679941636505
752,1.0284679530413088
753,1.0284679760161644
754,1.028471264814979
755,1.0284679693293353
756,1.0284679625078648
757,1.028463359127542
758,1.0284689982210373
759,1.028467961959977
760,1.028467989777717
761,1.0284679523065057
762,1.028467951205194
763,1.0284679516191109
764,1.028467950065009
765,1.0284679474159235
766,1.0284679525944074
767,1.0284722120395537
768,1.0284678353310934
769,1.0284680475019816
770,1.028467950266737
771,1.028467952585996
772,1.0284679503983785
773,1.0284679512851975
774,1.0284679940443502
775,1.0284679633835698
776,1.028467951478329
777,1.0284682006208785
778,1.0284677838336704
779,1.0284679499530796
780,1.0284635795099037
781,1.0284677142317586
782,1.02846686710668
783,1.0284678588561706
784,1.0284676051597226
785,1.0284683760113993
786,1.0284672446394867
787,1.0284679504796297
788,1.0284679398727656
789,1.0284678842071522
790,1.0284679571951185
791,1.0284615790077947
792,1.0284682177988802
793,1.028467961142284
794,1.0284679621597508
795,1.0284679496873692
796,1.028467951300766
797,1.0284680003916196
798,1.0284680113199167
799,1.0284679504311953
800,1.0284679519159357
801,1.0284667847938973
802,1.0284679513232213
803,1.0284679539056978
804,1.0284679504038161
805,1.028467948845189
806,1.028465561969324
807,1.0284679469175828
808,1.0284679535113568
809,1.0284679502572278
810,1.028470503696827
811,1.0285553482740315
812,1.0284679521842397
813,1.0284679529680074
814,1.0284679510369004
815,1.0284679485324602
816,1.0284679514670696
817,1.0284679491689972
818,1.0284679515016868
819,1.028467516267368
820,1.028467499489329
821,1.0284720990615528
822,1.0285107578513653
823,1.0284689139532657
824,1.028473697780215
825,1.0284679790001647
826,1.0284680030758926
827,1.0284684542075295
828,1.0284680907344574
829,1.0284684447052004
830,1.0284679614608825
831,1.0284679525241252
832,1.0284567837913206
833,1.0284704344228945
834,1.0284678664779408
835,1.0284635249607215
836,1.028458844303485
837,1.028459943970708
838,1.0284653527801626
839,1.0284400455966252
840,1.0284679541609445
841,1.0284679535263372
842,1.0284679511821302
843,1.0284679508606358
844,1.028467951587737
845,1.028467948908344
846,1.0284679517790445
847,1.0284679514818555
848,1.0284679515468065
849,1.0284679533049361
850,1.0284679523184772
851,1.0284679505164138
852,1.0284679524210456
853,1.0284679533945806
854,1.0284679526088127
855,1.0284679520224516
856,1.0284679529241818
857,1.0284679499332017
858,1.0284679524227525
859,1.0284679510160566
860,1.0284679518647113
861,1.0284679492926199
862,1.0284679510392403
863,1.0284679526586298
864,1.028467950175175
865,1.0284679507329897
866,1.0284679521620907
867,1.0284685277419745
868,1.0284679520246118
869,1.0284679513022572
870,1.0282092850002262
871,1.0284679507454697
872,1.0284679520398308
873,1.0284679524330205
874,1.0284679532028889
875,1.0284679528399447
876,1.0284584339170773
877,1.0284672683519163
878,1.0284576125557165
879,1.0284679515767716
880,1.028468278510476
881,1.0284678826658955
882,1.0284678453510245
883,1.0284708465469656
884,1.0284709258171787
885,1.028467887846362
886,1.0284705324819643
887,1.0284628752395122
888,1.0284742054412959
889,1.028473596821533
890,1.0284675826437557
891,1.0284670349168081
892,1.0285030733428
893,1.0284809775882937
894,1.0284697129542093
895,1.028536871521109
896,1.028627654177882
897,1.028569883741551
898,1.0284678913772236
899,1.0284685470583383
900,1.0284682761834938
901,1.0284389178599405
902,1.0284649738307303
903,1.0281884946076756
904,1.0284411734438421
905,1.0284681788100627
906,1.028468436254908
907,1.0284679512163777
908,1.0284680413675797
909,1.0284693773123936
910,1.0284699619516318
911,1.0284679956718583
912,1.0284681307643104
913,1.028467951734868
914,1.028467949907683
915,1.0284679524009495
916,1.028467953432011
917,1.0284677956169013
918,1.0284679504416838
919,1.0284663333987296
920,1.028468744553335
921,1.02846796852577
922,1.0284679529547258
923,1.0284679521937465
924,1.0285330014513565
925,1.0284686813126023
926,1.02846841192564
927,1.0284694231456926
928,1.0284713819819404
929,1.0284680368036427
930,1.028468139360669
931,1.0284679485077644
932,1.0284679513336221
933,1.0284679502966334
934,1.0284680285284178
935,1.028467954069796
936,1.0284680274602673
937,1.0284674285073043
938,1.0284679516898951
939,1.0284679528022556
940,1.0284678433327354
941,1.0284678178236961
942,1.028467947748126
943,1.0284679519882178
944,1.0284679495175304
945,1.0284676268396096
946,1.0284675860306098
947,1.028468267998074
948,1.0284679836884207
949,1.028467966706384
950,1.0284679559585617
951,1.028468128698221
952,1.0284680567752407
953,1.0284679483849855
954,1.028467951510544
955,1.0284679516432622
956,1.0284679492786943
957,1.0284679523095468
958,1.028466662045241
959,1.0284215116857838
960,1.0284679533021515
961,1.028467935820215
962,1.0284678781296557
963,1.0284631500592647
964,1.0284680700031734
965,1.0284679516104795
966,1.0284679533783758
967,1.028467952083878
968,1.0284679517021136
969,1.0284679644510668
970,1.0284680100096912
971,1.028467950856273
972,1.028467950734006
973,1.02846796110213
974,1.0284679539685186
975,1.0284679500772076
976,1.0284679528925778
977,1.0284679545460624
978,1.0284679531858765
979,1.028467952251305
980,1.028467350877922
981,1.0284687504351067
982,1.028467298334323
983,1.028467949564557
984,1.0284679525107272
985,1.0284679555219851
986,1.0284679529882352
987,1.02846793802666
988,1.0284669118672476
989,1.028467992820347
990,1.0284677575484615
991,1.028467831341983
992,1.0284679504872543
993,1.0284679504852234
994,1.028467946641099
995,1.0284681252614805
996,1.0284679528217802
997,1.0284679442323161
998,1.0284679507025372
999,1.0284681344859925
1000,1.0284679574095938
1001,1.028468206460266
1002,1.0284679698698123
1003,1.0284679527429244
1004,1.0284679492037272
1005,1.0284539041259009
1006,1.0284679492037272
1007,1.0284679656631097
1008,1.0284680178974988
1009,1.028414318126603
1010,1.028465177695649
1011,1.0284674115020003
1012,1.0284680568751197
1013,1.028467960217892
1014,1.0284678030056396
1015,1.0284679211917618
1016,1.0284682102475917
1017,1.0284680254523562
1018,1.0283366426751028
1019,1.0284681207137472
1020,1.0284679450009737
1021,1.0284630605127276
1022,1.0284680246388098
1023,1.0284679762944071
1024,1.0284679602780662
1025,1.0284695113066464
1026,1.0284827517961943
1027,1.0284684665341015
1028,1.0284684652612102
1029,1.0284679975838993
1030,1.0284683604358122
1031,1.0284686241472571
1032,1.0284685136740237
1033,1.0284682591534458
1034,1.028471774818436
1035,1.0284678711289075
1036,1.0284556433451144
1037,1.0284678081183367
1038,1.028467952503977
1039,1.028467952048021
1040,1.0284679512709463
1041,1.0284679530029344
1042,1.0284679489169282
1043,1.0284679523741787
1044,1.0284679496592681
1045,1.028467953237578
1046,1.0284679491976803
1047,1.0284679497158185
1048,1.028467951285605
1049,1.028467960814319
1050,1.0284679535331356
1051,1.0284679555539187
1052,1.0284679514988284
1053,1.0284679486306727
1054,1.0284679522155997
1055,1.0284680091885479
1056,1.0284679531271756
1057,1.0284680695641977
1058,1.0284680033760107
1059,1.028467952005427
1060,1.0284679515522464
1061,1.028467952560323
1062,1.0284679515080386
1063,1.0284679494805757
1064,1.0284679492037272
1065,1.0284679537100374
1066,1.0284679518516537
1067,1.0284679533282304
1068,1.0284679512611519
1069,1.0284679498390965
1070,1.0284679512937014
1071,1.0284679511024222
1072,1.0284679466312083
1073,1.0284679527475566
1074,1.028467952824487
1075,1.028467949717231
1076,1.0284679556010201
1077,1.028467949430113
1078,1.0284679521366746
1079,1.028467952308334
1080,1.02846795069539
1081,1.028467950724146
1082,1.0284679489838924
1083,1.0284679519580902
1084,1.0284679564832468
1085,1.0284679545874622
1086,1.0284679505003376
1087,1.0284693846574866
1088,1.0283655851791813
1089,1.0284679511416794
1090,1.0284681005558929
1091,1.0284679718823417
1092,1.0284676302476399
1093,1.0284664788619142
1094,1.0284801440510138
