reaction_index,Temp 1292.51
0,2.9331467049506683
1,2.9427560833819153
2,2.942562577783222
3,2.9419882058780513
4,2.9428128004620975
5,2.9427855246605956
6,2.9427856330066904
7,2.94278551456837
8,2.942785510970688
9,2.9427855229191717
10,2.94278551456837
11,2.9427855561373617
12,2.94278547710611
13,2.942785398451627
14,2.942841063989211
15,2.942867409493989
16,2.9427527006928673
17,2.9428136258305364
18,2.942832465962809
19,2.9427797689691
20,2.9427852862893698
21,2.942761290504443
22,2.9427894139510284
23,2.942779858625754
24,2.9427860157315857
25,2.942785750477618
26,2.942786305113574
27,2.9427659261635104
28,2.9427734470642366
29,2.9427851364430078
30,2.942785482454508
31,2.9427855497074904
32,2.9427819267606967
33,2.942821198313153
34,2.9427866335085606
35,2.9425261109487377
36,2.9427855143847683
37,2.941955592515777
38,2.942799197600506
39,2.942785516472311
40,2.9427855201788398
41,2.9418608145232548
42,2.9428335907624605
43,2.94278725972742
44,2.9427855817307824
45,2.9427868536639745
46,2.942787679624978
47,2.942785707879497
48,2.9427543440210493
49,2.942785534340229
50,2.9427842155731523
51,2.942785374995446
52,2.943043613377669
53,2.9427840807283507
54,2.9427741396362714
55,2.942785710230693
56,2.942785832387216
57,2.9431988373233104
58,2.9433595392982985
59,2.942995964388804
60,2.9428245265336725
61,2.9428227859868734
62,2.942795962316905
63,2.942762415371335
64,2.943829426921726
65,2.9430188124985133
66,2.942780827273388
67,2.942776694985202
68,2.9435760743520327
69,2.942497224108477
70,2.9427251412091864
71,2.9427895646357007
72,2.942772818523453
73,2.9429533809910287
74,2.9427854701014997
75,2.9427862630337898
76,2.9427859357114117
77,2.9427870062469257
78,2.9427881609464093
79,2.942785937848467
80,2.9427856302559237
81,2.9428433984463838
82,2.942528400343541
83,2.943058039211208
84,2.9427865026426936
85,2.9427870384077623
86,2.9427861073081876
87,2.9427855191635515
88,2.9427853665412402
89,2.9427855123661533
90,2.9427855184790475
91,2.9427855141341426
92,2.9428321042550576
93,2.9427877377157063
94,2.94272476146369
95,2.9427855341006985
96,2.942785635927482
97,2.9427855146919524
98,2.9427861335883847
99,2.942785549088874
100,2.94278547625032
101,2.942775126608477
102,2.9427854141010834
103,2.942789846488007
104,2.942786475430869
105,2.942785555254299
106,2.9427855312081057
107,2.94278559394661
108,2.9428512153421003
109,2.9427219445149366
110,2.9427828835214878
111,2.942784797925095
112,2.942778498428582
113,2.9427856485304953
114,2.9427885982400217
115,2.94279472043441
116,2.94278507386966
117,2.9427855150827127
118,2.9427868002617465
119,2.942785306865688
120,2.942785496194555
121,2.942785461572566
122,2.942785518239744
123,2.942785776196958
124,2.9427862647684138
125,2.942785416910224
126,2.942785593078179
127,2.942784760479549
128,2.942785534474015
129,2.9427855138439254
130,2.9427855206294495
131,2.942756084499837
132,2.942562579066715
133,2.9429091172023467
134,2.9427970167812707
135,2.9428002902387465
136,2.9427645998089345
137,2.9429054889396657
138,2.9425254337089353
139,2.9424863321081327
140,2.9418698684375264
141,2.942824861062595
142,2.9427834841127236
143,2.9427855138036767
144,2.9427852307939504
145,2.942858743567005
146,2.9427855202882003
147,2.942785234422309
148,2.9427854605252985
149,2.94277097519901
150,2.942625999440862
151,2.942783612283542
152,2.9427853743521837
153,2.9427854676574636
154,2.94278551260963
155,2.9427797783962992
156,2.942785280470906
157,2.9428003040435584
158,2.9428032794971055
159,2.9427294067615546
160,2.9427148416126103
161,2.942776533052591
162,2.942791287000217
163,2.942785918257511
164,2.9427855222982044
165,2.941976136078265
166,2.9427924803965073
167,2.942769388854999
168,2.942785750993025
169,2.9427862998775813
170,2.9424390580575888
171,2.942568960881214
172,2.9427859118398594
173,2.9427866250023986
174,2.942786134390273
175,2.9427873703751595
176,2.9427873666959004
177,2.9427855991096186
178,2.942782954111707
179,2.9380279672111356
180,2.9427862242240677
181,2.9427577569103547
182,2.94276175476968
183,2.9427859877053524
184,2.9427888646942413
185,2.942749725293349
186,2.942785508131391
187,2.9427830222084816
188,2.94278551799269
189,2.9427855034509434
190,2.9427843768703785
191,2.9427871149416527
192,2.942785558380438
193,2.942785315935898
194,2.9427855167301527
195,2.942785518991137
196,2.942785516467092
197,2.942785515345271
198,2.9427855197240858
199,2.942785513835489
200,2.9427855155057614
201,2.9427855248307244
202,2.9427865350827442
203,2.942785577421855
204,2.942785512153367
205,2.9427855160331466
206,2.942785516155941
207,2.9427855191372325
208,2.9427855157681084
209,2.942785558444053
210,2.9442990248142995
211,2.9428494377957652
212,2.939884418245399
213,2.9427356284409236
214,2.9429690710519316
215,2.9418098924368294
216,2.942703601110392
217,2.942451531591702
218,2.9427477638526267
219,2.942785517907599
220,2.942788604991155
221,2.9434369507067557
222,2.9430321289730186
223,2.943123001565309
224,2.9427855164471866
225,2.9427706780087632
226,2.9427851114444175
227,2.9447612626132154
228,2.942974686902074
229,2.943745052320462
230,2.942775547706718
231,2.9428983716843695
232,2.9427855474828433
233,2.942785261022938
234,2.9427855301483605
235,2.942785522250159
236,2.942785523222311
237,2.9427855177536677
238,2.9427855116637045
239,2.942785548559256
240,2.942785523823135
241,2.943337400669275
242,2.9427885240957545
243,2.9427717626280234
244,2.9427848948112065
245,2.9442580118797697
246,2.9429359595630764
247,2.943548414449183
248,2.9427749550160147
249,2.942842322628427
250,2.942785511166628
251,2.9427855410183534
252,2.9418446782606664
253,2.942733649737612
254,2.9427855294862777
255,2.942785515620588
256,2.942785616610206
257,2.9427855123571263
258,2.9427855125088174
259,2.942785526924652
260,2.9427855180454037
261,2.9431547103773896
262,2.9424734157595447
263,2.94278551391414
264,2.9427855177832756
265,2.9427864768439567
266,2.94278551456837
267,2.942712056130406
268,2.942741438342327
269,2.942778820383566
270,2.9426907554467876
271,2.942759948650599
272,2.9427983889965
273,2.942808661901526
274,2.9428546633289887
275,2.9428196021085338
276,2.942354513933327
277,2.942680385924626
278,2.9431627969896703
279,2.943164215930056
280,2.9427936976647926
281,2.9430955123197498
282,2.9427855193872725
283,2.9427855257454483
284,2.942785512994097
285,2.9427855237452194
286,2.9294432711123704
287,2.942785517140944
288,2.9427855286533364
289,2.942785520591197
290,2.9427855239940803
291,2.942785515717723
292,2.9427855262701588
293,2.9427856319350756
294,2.9427870377629546
295,2.942785489883212
296,2.9427866135135266
297,2.942787157368402
298,2.9427849838337683
299,2.942777209125727
300,2.9427854755272387
301,2.9427854384602856
302,2.9427855160386476
303,2.9427853375835706
304,2.942785502398466
305,2.9427854930409736
306,2.9427855148145614
307,2.9427855096405144
308,2.9427855147651925
309,2.9427854897589882
310,2.942785498826256
311,2.942786556553789
312,2.9427855163931502
313,2.9427855189275265
314,2.942785514760936
315,2.9427710363657655
316,2.9425829497357747
317,2.942785501484414
318,2.9427855201218276
319,2.9427855131172747
320,2.9426315059445294
321,2.9427855199915727
322,2.9427854764005947
323,2.9427855164197694
324,2.9427855175579825
325,2.942785516920273
326,2.942785513655424
327,2.9427855155039
328,2.942785515043912
329,2.942787070354263
330,2.9427966593029047
331,2.9427855155501956
332,2.942785510791002
333,2.942785514693732
334,2.9427855136297065
335,2.9427855181764633
336,2.942785514413462
337,2.942785516153622
338,2.938088092997089
339,2.942785519133208
340,2.9427855099287146
341,2.9427855150460385
342,2.942785511784036
343,2.943161120224693
344,2.9427856003344703
345,2.942785390802969
346,2.942835246275303
347,2.9427884312054258
348,2.942779289756924
349,2.942785504428737
350,2.942779718482168
351,2.942785539756898
352,2.942785023153091
353,2.942785595566213
354,2.9427855514097256
355,2.9427856647532047
356,2.942785543888344
357,2.942785517662512
358,2.942781346696725
359,2.9427854913752878
360,2.9427855235328746
361,2.9427855124215183
362,2.9426234145065586
363,2.9427855194652843
364,2.9427855161018446
365,2.942785516109294
366,2.94278551904578
367,2.9427855174021116
368,2.9427857143006646
369,2.942784501955751
370,2.942710223196751
371,2.942775973809786
372,2.9427844434851855
373,2.942786721480882
374,2.9427765830710477
375,2.9428413161841736
376,2.942784257985196
377,2.9427861153824795
378,2.942783067559045
379,2.9427855173474446
380,2.942785518733025
381,2.9427834356425944
382,2.9427853975256912
383,2.9427846688524957
384,2.9427856207430536
385,2.942785515481257
386,2.942785514414359
387,2.9427854965286744
388,2.942786154447192
389,2.9427855282175384
390,2.9428057246125374
391,2.9427855200188358
392,2.942785520349899
393,2.942865346827889
394,2.942785515520439
395,2.9427643136908594
396,2.942800068738686
397,2.9427943744750147
398,2.9427855492618287
399,2.942785535626401
400,2.9427855361403843
401,2.9427855135188445
402,2.942849985970696
403,2.9461375858313112
404,2.9425896752551313
405,2.9427915044381803
406,2.942785573608709
407,2.942785665081418
408,2.942785964541514
409,2.9427856277974502
410,2.942785550948148
411,2.942879243334429
412,2.9427855186708234
413,2.9427855191144126
414,2.9427855193342642
415,2.9427855162444017
416,2.9427855397699516
417,2.942785514225921
418,2.942785514380679
419,2.9427855170591704
420,2.9427855167003085
421,2.9427855099071083
422,2.9427855130766276
423,2.9427855198283117
424,2.942785517367742
425,2.942785514622756
426,2.94278555340736
427,2.9427855174716173
428,2.9427855190009664
429,2.9427855394202322
430,2.9427855137716006
431,2.942785514901924
432,2.9427855169500146
433,2.9427855149644735
434,2.942785516476467
435,2.9427855211840375
436,2.9427854406343434
437,2.9427855148560753
438,2.9427855182002114
439,2.9427844445619944
440,2.9427806705438964
441,2.942785512811418
442,2.942784448641786
443,2.942785445462037
444,2.9427855180239386
445,2.9427855066684097
446,2.94278551669471
447,2.9427855113670893
448,2.9427854869724164
449,2.942785512255155
450,2.9427854006971725
451,2.9427855310266566
452,2.9427673541531845
453,2.9427843493846084
454,2.9427855196099437
455,2.942785683734046
456,2.94278551294474
457,2.9427855154691334
458,2.9428814826795056
459,2.942785519413187
460,2.9427854808908958
461,2.942753383292508
462,2.9427855121255937
463,2.9427855217811056
464,2.9427855545089345
465,2.9427876966995608
466,2.9427883879026004
467,2.9427854847534864
468,2.9427858478031723
469,2.942785504689609
470,2.9427858544005114
471,2.942855150794689
472,2.942785513015762
473,2.942785517285062
474,2.9427855938650707
475,2.942785516216592
476,2.9427631310525197
477,2.942785515370113
478,2.9427855167327146
479,2.9427855177826694
480,2.942785511589987
481,2.942785517203128
482,2.9428570753820718
483,2.9427855154559843
484,2.942785292422339
485,2.942785518179273
486,2.943035138672334
487,2.942786115924981
488,2.9424978987018444
489,2.94278551475944
490,2.94278551280553
491,2.9427855176439
492,2.9427855138871504
493,2.9427855060752957
494,2.9427855136407643
495,2.942785515536317
496,2.9427855147765842
497,2.942785515543429
498,2.9427855105236373
499,2.9427855148458026
500,2.9427855179900293
501,2.9427855178711506
502,2.9427855134818746
503,2.942785520069502
504,2.9427855199608532
505,2.9427855188413212
506,2.9427782137149814
507,2.942785518382995
508,2.9427855154455664
509,2.9427751766181443
510,2.938094612279071
511,2.9427785768802583
512,2.942785516873784
513,2.9427870200302797
514,2.94278551589863
515,2.9427855162065994
516,2.9427855361223654
517,2.942785518597734
518,2.946308420391907
519,2.9427855323523833
520,2.9427855242928422
521,2.9427855169686987
522,2.942785515856466
523,2.9427855127188605
524,2.9427855359666486
525,2.942785538744977
526,2.942785510290551
527,2.942785519775111
528,2.942785519672057
529,2.9427855188367382
530,2.9427853936146606
531,2.9427680371845932
532,2.944206542617598
533,2.943111856253652
534,2.9427855094816064
535,2.9427862048128195
536,2.942785517643412
537,2.9427855223166284
538,2.9427848439741937
539,2.942791339589214
540,2.942785830168742
541,2.9427854865719105
542,2.9427858549325
543,2.9426728135448332
544,2.942767149460204
545,2.942978097284045
546,2.942816915391819
547,2.942891092887806
548,2.9431328184931096
549,2.942782325833576
550,2.9432125664476296
551,2.9427825004621386
552,2.9428133838375956
553,2.94278552104937
554,2.9427747213876776
555,2.94278559489772
556,2.9427677145038866
557,2.9427916367120535
558,2.943173967261555
559,2.9427858871183177
560,2.9427862348206655
561,2.942785488639375
562,2.942785513158427
563,2.942787966899495
564,2.9427855160057783
565,2.942785628466853
566,2.9427855112600647
567,2.942788356841219
568,2.9427855213636107
569,2.9427853998601914
570,2.942778330420702
571,2.9427855446359144
572,2.9427855156163334
573,2.942785517873834
574,2.942785509032766
575,2.9427855819437947
576,2.94278551143526
577,2.942785517211718
578,2.9427855147603825
579,2.9427855132355067
580,2.9427855164830996
581,2.9427855186529635
582,2.9427855171514374
583,2.9427855106510066
584,2.942792076379046
585,2.942785510442234
586,2.9427855247335426
587,2.942785515380095
588,2.9427855113023744
589,2.942785515184036
590,2.9427855101897276
591,2.9427855157178415
592,2.942797440186692
593,2.942796866652817
594,2.9428003385049943
595,2.942785612072974
596,2.9427858679245276
597,2.9427852357717934
598,2.942785145251945
599,2.942787392400087
600,2.9427936173230793
601,2.942785492765998
602,2.9424487729712325
603,2.9427551945319355
604,2.9427805304162487
605,2.942783868981039
606,2.9427855356840538
607,2.942794130165544
608,2.9430258463402907
609,2.942785262980509
610,2.942785513976858
611,2.942797389228354
612,2.9427855313415043
613,2.942785494034549
614,2.9427855167769397
615,2.942785517326599
616,2.9427855782669967
617,2.9427855190505814
618,2.942785518184074
619,2.9427855205866917
620,2.9427855146946595
621,2.9427855157824303
622,2.9427840255988347
623,2.9427903049679895
624,2.942785445865766
625,2.9427855290373963
626,2.943520073940677
627,2.9427823584908044
628,2.942785514146183
629,2.9427855193756636
630,2.942785513338306
631,2.942785512172371
632,2.9427857623194913
633,2.942839356655534
634,2.942785517309898
635,2.942785517506198
636,2.9427857427491078
637,2.9427842725190234
638,2.942866296293801
639,2.9427138222010187
640,2.942785446551511
641,2.9427855165761994
642,2.942785519121132
643,2.9427854724505105
644,2.9427855151291133
645,2.9427855150905815
646,2.9427855204188993
647,2.9427855178775997
648,2.9427855144057915
649,2.94278552942674
650,2.94278551597743
651,2.9427855179205147
652,2.942785511798496
653,2.9427855182772853
654,2.942785514943747
655,2.942785514673567
656,2.942785512777795
657,2.942785515627213
658,2.942785511801915
659,2.942785512601802
660,2.9427855174123754
661,2.9427855174320783
662,2.942785490745603
663,2.942785518220332
664,2.942785516639447
665,2.9427855103170995
666,2.942785515175035
667,2.942785516394229
668,2.942785518831963
669,2.9427855159352534
670,2.9427855511319327
671,2.942785396830085
672,2.9427855198551236
673,2.9427855173044564
674,2.942785516265965
675,2.94278551541195
676,2.9427855159493634
677,2.942785508446267
678,2.942785633806879
679,2.942785443593159
680,2.9427855114157935
681,2.942785518462035
682,2.9427855172062127
683,2.9427855130095324
684,2.942785519730337
685,2.942785515947453
686,2.9427855153544744
687,2.942785516243755
688,2.942785515439066
689,2.9427855178816507
690,2.9427855105556326
691,2.9427855118733546
692,2.9427855150749784
693,2.9427855127675118
694,2.942785518677753
695,2.9427855212530876
696,2.9427855176036615
697,2.9427855192904384
698,2.9427855087226624
699,2.9423562089942568
700,2.9427855162637098
701,2.942785511649187
702,2.9427855224519757
703,2.9427855124320317
704,2.9427855141447163
705,2.9427855138166468
706,2.9427855121741273
707,2.942785514507043
708,2.9427855150293567
709,2.9427855182489555
710,2.9427855133388596
711,2.942785520544952
712,2.9427855084127787
713,2.9427855172794
714,2.9427855170161683
715,2.942785513226949
716,2.9427855131196368
717,2.9427855172808512
718,2.942785516600773
719,2.9427855190936447
720,2.9427855159896423
721,2.94278551490106
722,2.9427855113081423
723,2.9427855154820657
724,2.942785518665124
725,2.9427855125999267
726,2.942785516941888
727,2.942785074773401
728,2.9427855123355813
729,2.9427855198501094
730,2.9425518132580795
731,2.9426461259723466
732,2.9427814179392415
733,2.9427856711857423
734,2.9427839903144717
735,2.9427855178438143
736,2.942785543067196
737,2.9427855371577043
738,2.9427861684584617
739,2.9427854845829935
740,2.9427855181081446
741,2.942785366448313
742,2.9427855150026803
743,2.9427853936958486
744,2.9427855232265148
745,2.942785013968328
746,2.942784029724707
747,2.9427855116924366
748,2.9427855137631904
749,2.9427855121868567
750,2.94278551749753
751,2.942785531070968
752,2.942785513273265
753,2.9427855184371188
754,2.9427877710560884
755,2.942785513709251
756,2.942785516576609
757,2.9427777830635704
758,2.9427857897559146
759,2.942785517421784
760,2.942785525067684
761,2.942785506615561
762,2.942785512356541
763,2.94278551390249
764,2.9427855175738014
765,2.942785518191653
766,2.9427855161451384
767,2.9427940463775553
768,2.9427840171689867
769,2.942786362475009
770,2.9427855208505074
771,2.942785526817899
772,2.942785516162809
773,2.9427855102834712
774,2.9427860547075806
775,2.9427855761321484
776,2.9427855207583336
777,2.9427867589139716
778,2.942784878602968
779,2.942785510638558
780,2.9427717131343374
781,2.942783670579716
782,2.942775093801308
783,2.9427862341548856
784,2.942785844562986
785,2.9427873634992867
786,2.942787012364838
787,2.942785515462715
788,2.942785396542003
789,2.9427853699680235
790,2.9427855171894906
791,2.9427303462469134
792,2.942786419613494
793,2.942785815471827
794,2.94278557908617
795,2.9427855133906218
796,2.942785510772045
797,2.942786138536187
798,2.9427857883134334
799,2.942785513567654
800,2.9427855094239517
801,2.9427807024360884
802,2.942785517155881
803,2.9427855098069444
804,2.9427855158751393
805,2.942785515896696
806,2.9427789488320144
807,2.9427854869794214
808,2.9427855154077305
809,2.9427855130886593
810,2.94280053694483
811,2.9431350064595247
812,2.942785521268774
813,2.942785513952744
814,2.9427855122034545
815,2.9427854446984236
816,2.9427854908415796
817,2.942785511220023
818,2.9427855241230017
819,2.9427821002940355
820,2.942781953217958
821,2.942808361301746
822,2.943036857548759
823,2.9427929067803515
824,2.9428320085039594
825,2.942785542925385
826,2.9427856164564568
827,2.94278660773094
828,2.942787286384376
829,2.9427919116757186
830,2.942785615701414
831,2.9427855199771873
832,2.942767256330288
833,2.942788976194188
834,2.9427853611249937
835,2.9427719522195224
836,2.942776382162622
837,2.9427818561127257
838,2.94278440612239
839,2.942716120605329
840,2.942785518124909
841,2.9427855163104635
842,2.9427855213533305
843,2.942785519152008
844,2.9427855164257672
845,2.9427855456051897
846,2.942785515372178
847,2.9427855139218737
848,2.942785512928135
849,2.9427855161326644
850,2.942785517423578
851,2.942785513917706
852,2.9427855157996485
853,2.9427855126456164
854,2.9427855159001095
855,2.9427855179221103
856,2.9427855178341833
857,2.9427855138470056
858,2.942785517268618
859,2.9427855128018865
860,2.9427855195232033
861,2.9427855150414177
862,2.9427855203153594
863,2.9427855095659363
864,2.942785516939571
865,2.9427855185360006
866,2.942785516753891
867,2.942787931673056
868,2.942785512672816
869,2.9427855106267033
870,2.941570499280336
871,2.9427855184652167
872,2.9427855217851087
873,2.9427855169105706
874,2.942785518593095
875,2.942785514514652
876,2.942762452825094
877,2.9427877657295363
878,2.9428086380399745
879,2.942785515328833
880,2.9427874416049833
881,2.9427854986137882
882,2.942785445994162
883,2.9427928607853864
884,2.942792907088781
885,2.9427853646501987
886,2.942791998555457
887,2.9427779467395703
888,2.9427932079001566
889,2.942792847856974
890,2.9427849930744725
891,2.9427837674954986
892,2.942860155459309
893,2.942810683962013
894,2.942789992392076
895,2.9429641011826124
896,2.9431969199795973
897,2.943043755054277
898,2.9427849672710664
899,2.9427860004575392
900,2.9427852979601976
901,2.942720242052188
902,2.942773861301787
903,2.9419212790323095
904,2.9427128177622577
905,2.942785778985583
906,2.9427857684628735
907,2.9427855147987807
908,2.9427856157413306
909,2.942787983274396
910,2.942796396256507
911,2.942785544048669
912,2.942785665820608
913,2.9427855163039656
914,2.942785518725293
915,2.942785511896553
916,2.942785513340243
917,2.942785321830894
918,2.9427855155371776
919,2.942779792709544
920,2.942787213594231
921,2.9427855514416517
922,2.942785515363631
923,2.9427855095707924
924,2.942933840267591
925,2.9427864109132176
926,2.9427857725508977
927,2.94278815277461
928,2.942801726295869
929,2.9427855791468973
930,2.942785676888529
931,2.942785515216714
932,2.9427855112794745
933,2.9427855188323435
934,2.9427856202837104
935,2.942785517280883
936,2.942785634205332
937,2.9427829723892285
938,2.9427855114083328
939,2.942785512725989
940,2.9427853972760563
941,2.9427853290371453
942,2.942785488740505
943,2.9427855147457906
944,2.94278551752348
945,2.9427833588341117
946,2.9427849145100833
947,2.942786208268609
948,2.9427855822792996
949,2.9427855706919206
950,2.9427855290115583
951,2.942786508202606
952,2.942786055511735
953,2.942785512136203
954,2.942785517369144
955,2.942785519816281
956,2.9427855161642342
957,2.9427855139759282
958,2.942777841738988
959,2.9425052102194753
960,2.9427855194094126
961,2.942785462163035
962,2.9427850328171505
963,2.9427696704896853
964,2.942785729120056
965,2.942785517052911
966,2.942785516167663
967,2.942785517973034
968,2.942785512842131
969,2.94278552821396
970,2.9427856321171686
971,2.9427855092400312
972,2.942785515280701
973,2.942785516788383
974,2.942785511025979
975,2.9427855126266995
976,2.9427855194712675
977,2.9427855195670833
978,2.942785517470607
979,2.942785511486744
980,2.9427839201703105
981,2.942786951366043
982,2.942783818784744
983,2.9427855075387903
984,2.94278551779489
985,2.942785518898754
986,2.942785514626676
987,2.9427854787069054
988,2.942781844375385
989,2.9427855966998586
990,2.942784975016434
991,2.94278518497473
992,2.9427855192802035
993,2.9427855199598763
994,2.942785506537997
995,2.942785815810532
996,2.9427855133934973
997,2.9427855089722144
998,2.9427855143386767
999,2.942786296884087
1000,2.9427855335290922
1001,2.94278661805834
1002,2.9427855905509603
1003,2.942785512840652
1004,2.94278551456837
1005,2.942758726397174
1006,2.94278551456837
1007,2.9427855442124566
1008,2.942785593596463
1009,2.9426303293347655
1010,2.9427837938348755
1011,2.94278465676473
1012,2.942785879962325
1013,2.9427855195348567
1014,2.942785322359822
1015,2.9427854403156286
1016,2.9427869852314177
1017,2.942785586716813
1018,2.9425595014234402
1019,2.9427857914568225
1020,2.942785509972167
1021,2.942777841362319
1022,2.9427855795078783
1023,2.942785539920074
1024,2.9427855243997274
1025,2.942788092591589
1026,2.9428091356206947
1027,2.9427860446215535
1028,2.9427861317083015
1029,2.942785571309668
1030,2.94278621795165
1031,2.942786708137273
1032,2.942786427928812
1033,2.9427860232375713
1034,2.942810863278287
1035,2.942785421879819
1036,2.942764619586388
1037,2.9427852762292623
1038,2.942785514904969
1039,2.942785518847443
1040,2.9427855124601345
1041,2.942785514342111
1042,2.942785517556267
1043,2.942785514081878
1044,2.942785509092859
1045,2.942785510662875
1046,2.9427855174368487
1047,2.942785519007863
1048,2.942785501506849
1049,2.942785523574703
1050,2.942785516575027
1051,2.9427855196442154
1052,2.942785514023283
1053,2.942785519788485
1054,2.942785514770918
1055,2.94278555472346
1056,2.942785516218157
1057,2.942785991769249
1058,2.9427857066662084
1059,2.9427855151395494
1060,2.942785515826769
1061,2.942785519462078
1062,2.9427855138435546
1063,2.9427855155416083
1064,2.94278551456837
1065,2.942785513835702
1066,2.942785519400858
1067,2.9427855164555856
1068,2.9427855162894954
1069,2.942785515566923
1070,2.9427855182203633
1071,2.9427855152464675
1072,2.942785508152919
1073,2.942785513061888
1074,2.942785514357302
1075,2.942785514693377
1076,2.94278551609281
1077,2.942785515104416
1078,2.9427855061154524
1079,2.9427855119628745
1080,2.942785513625734
1081,2.9427855147330186
1082,2.942785512678924
1083,2.942785518433108
1084,2.94278553777721
1085,2.942785513544524
1086,2.9427855198133095
1087,2.9428004002318615
1088,2.942636809113951
1089,2.942785514171712
1090,2.9427861616155533
1091,2.9427856089110245
1092,2.9427728633534107
1093,2.9427821430528844
1094,2.9428677190544157
