reaction_index,Temp 1292.51
0,3.2807486786388225
1,3.308277123245786
2,3.3082028324299055
3,3.3069559842424834
4,3.3083008862870624
5,3.308304357676333
6,3.3083043902337494
7,3.3083043023227763
8,3.3083043092411777
9,3.3083043214331034
10,3.3083043023227763
11,3.308304370080798
12,3.3083047927512634
13,3.3083043616091836
14,3.3081429287631257
15,3.307739481303866
16,3.308262764242412
17,3.308499117476265
18,3.307942170549717
19,3.308488003089595
20,3.3083163750553903
21,3.307489377975961
22,3.308397873013065
23,3.3083258488309832
24,3.3083133264737428
25,3.308320689908318
26,3.308356081985571
27,3.3083488476372245
28,3.3086078007261914
29,3.30830422002283
30,3.3083043237060985
31,3.3083053225899213
32,3.3083025256729335
33,3.308359759937824
34,3.308312136513892
35,3.307882298856852
36,3.30830430246526
37,3.306505500111434
38,3.3083554635732204
39,3.308304332416433
40,3.308304318201515
41,3.3083924910796947
42,3.308399723583993
43,3.3083084007749624
44,3.308304331107843
45,3.3083045670232507
46,3.3083054674261354
47,3.308305131456375
48,3.308291416827953
49,3.308304330229015
50,3.308304223856609
51,3.3083043497910003
52,3.308605059220879
53,3.308180516016275
54,3.3080040432508513
55,3.30830458609891
56,3.308307001602203
57,3.307290804199981
58,3.307444133559849
59,3.3085326722669737
60,3.308378319010328
61,3.3083200731123905
62,3.3083636976817883
63,3.306933554766358
64,3.3070520619904573
65,3.3083684122017374
66,3.308325390227404
67,3.3082665397110786
68,3.307143198298911
69,3.308285191874452
70,3.3083043519920388
71,3.308306000812329
72,3.3083012946378094
73,3.308529691635449
74,3.3083033212505515
75,3.3083065867684427
76,3.308305949917878
77,3.3083055563434876
78,3.3083082362108436
79,3.3083057938703893
80,3.3083048148355942
81,3.3084141348460867
82,3.308245195598036
83,3.307902504594137
84,3.308309756946079
85,3.308314526873143
86,3.3083077530646476
87,3.30830437654459
88,3.308304281661626
89,3.3083043279431066
90,3.308304332051119
91,3.3083043408282498
92,3.307070903449606
93,3.3083168040338156
94,3.3070454545971493
95,3.3083045909788806
96,3.3083059150089533
97,3.308304330852185
98,3.308307494231968
99,3.308304380915066
100,3.3083043114195703
101,3.3082995355145957
102,3.308303417625263
103,3.308309564479945
104,3.3083046822550406
105,3.308304389878995
106,3.3083043024404875
107,3.3083043794999867
108,3.3083119144302713
109,3.3083747666529315
110,3.308295684532231
111,3.3082957003007376
112,3.3082620017712205
113,3.3083053822858464
114,3.308312162401929
115,3.3083206633498046
116,3.3083190573823575
117,3.3083043214986305
118,3.308310481768886
119,3.308304216481415
120,3.30830432380514
121,3.308304272505807
122,3.3083043205510028
123,3.308305089678241
124,3.3083091226990646
125,3.3083039493420636
126,3.3083046345665665
127,3.308275590847553
128,3.308304389871292
129,3.3083042976501638
130,3.3083043372502408
131,3.308277104520108
132,3.308202837459078
133,3.3077735553523175
134,3.3083151647679605
135,3.308321011399873
136,3.3081642315826905
137,3.3127695727456716
138,3.3033186117162394
139,3.3073141290269135
140,3.305138799629091
141,3.308381125296649
142,3.3082588334586447
143,3.3083043721491108
144,3.3083058827285834
145,3.3083389158422665
146,3.3083042793714372
147,3.308307251443854
148,3.3083050123518256
149,3.3083259590346366
150,3.3084804327868444
151,3.3082991814493177
152,3.3083043070517473
153,3.3083043237116416
154,3.308304259128708
155,3.3084879816797357
156,3.308316361640493
157,3.308371771200062
158,3.3083252812582407
159,3.3077113740452395
160,3.3082137795969886
161,3.3073521334543177
162,3.30831488910232
163,3.308309956967357
164,3.308304327922142
165,3.301586233639318
166,3.3083056752267996
167,3.308263304865538
168,3.3083206926367974
169,3.308356025057722
170,3.3076617095740937
171,3.3077700269538926
172,3.308306636318659
173,3.3083120947464875
174,3.308308290478468
175,3.3078889120571495
176,3.3083274413627577
177,3.308305172606041
178,3.3082831180012096
179,3.292377561510066
180,3.3083097262478134
181,3.3075930055847045
182,3.3082917382201393
183,3.3083076393222033
184,3.308306929065272
185,3.307951851530666
186,3.30830428735287
187,3.3083298928783873
188,3.3083043204118483
189,3.308304702418138
190,3.3083319459803007
191,3.308324923528934
192,3.30830450228593
193,3.308304646636952
194,3.308304325463664
195,3.308304364437658
196,3.3083043180591427
197,3.3083043276306374
198,3.3083043515696287
199,3.308304342796243
200,3.30830441028924
201,3.3083046793673656
202,3.3083161754619455
203,3.3083044545064157
204,3.3083043062505717
205,3.3083043281671562
206,3.3083043101530913
207,3.308304324649372
208,3.3083043357442987
209,3.308304381551219
210,3.3083043453704333
211,3.308304330218009
212,3.3083043121169573
213,3.308304314516158
214,3.3083043145141797
215,3.308304338696014
216,3.3083043178454172
217,3.3083043195468487
218,3.3083043362496056
219,3.3083042922584354
220,3.308304328992598
221,3.308304304986495
222,3.3083043097445746
223,3.308304311353654
224,3.3083043181893594
225,3.308310035825889
226,3.308298142819635
227,3.317742036617152
228,3.3086082722071852
229,3.3098339546938056
230,3.3081709365949488
231,3.3083388038784705
232,3.3083044796293235
233,3.3083040107664607
234,3.30830463654128
235,3.308304332626739
236,3.30830434173701
237,3.3083043325415757
238,3.3083043448673353
239,3.3083078669983466
240,3.3083044326624482
241,3.3083043229674067
242,3.3082117054059195
243,3.308300556897071
244,3.3082971956450336
245,3.3155407756956783
246,3.3085327387155776
247,3.3093212057001384
248,3.308188548455584
249,3.3081441876187663
250,3.3083043332622006
251,3.308304442237273
252,3.3071442546429854
253,3.30824994050745
254,3.3083045157672424
255,3.308304331504683
256,3.308304783503221
257,3.3083043222395365
258,3.3083043212799126
259,3.3083050756516448
260,3.3083043373079746
261,3.308304317214217
262,3.3077306606726413
263,3.3083043265978147
264,3.30830435235166
265,3.3083103182786378
266,3.3083043023227763
267,3.3084490990994984
268,3.3084031475734768
269,3.308322388025485
270,3.3076457354421303
271,3.3082698750944397
272,3.3078250483761735
273,3.307368692136111
274,3.3084520431091096
275,3.308372119445283
276,3.308117664872259
277,3.3082728100946097
278,3.3096697292997024
279,3.3091691090789563
280,3.308304316281821
281,3.3083043466066075
282,3.3083044585078043
283,3.3083044210184265
284,3.3083043355874144
285,3.3083044002200084
286,3.308304337499287
287,3.3083040947248894
288,3.308300852936095
289,3.3083043614779366
290,3.3083043971934276
291,3.3083043416420765
292,3.308304427740041
293,3.3083051024005092
294,3.3083179504024076
295,3.308304208371187
296,3.3083208872008267
297,3.308334991394308
298,3.3083043023227763
299,3.3083043407724624
300,3.3083043330991675
301,3.3083043311263793
302,3.308304311357503
303,3.3083043186790313
304,3.308304307418167
305,3.3083043276109723
306,3.3083043325000085
307,3.3083043335885702
308,3.308304398787296
309,3.3083048567575717
310,3.308304319211005
311,3.308309463282482
312,3.308304321828966
313,3.308304321091493
314,3.30830431168733
315,3.3083043143094293
316,3.308304341707266
317,3.3083043022524374
318,3.308304334085783
319,3.308304323953859
320,3.308304324621529
321,3.3083043078296597
322,3.3083043050767973
323,3.3083043023227763
324,3.308304338701607
325,3.308304299943352
326,3.3083043176994864
327,3.308304326690469
328,3.308304332133376
329,3.3082426783279524
330,3.3082007758345298
331,3.3083043225988775
332,3.3083043274806028
333,3.308304327649418
334,3.3083043025937404
335,3.308304316744485
336,3.308304350847456
337,3.308304373885161
338,3.308304316295481
339,3.308304321838476
340,3.308304306563674
341,3.3083043159120464
342,3.30830430411867
343,3.314916800167604
344,3.3083112303993008
345,3.308300333042216
346,3.307183955971813
347,3.3081974903526867
348,3.308210708675536
349,3.308295965851578
350,3.3072519938289147
351,3.3083086127630867
352,3.308262144238768
353,3.308304581789241
354,3.308304430746408
355,3.3083086627063953
356,3.308304623051294
357,3.308304351837067
358,3.308304310305271
359,3.308304268991599
360,3.3083043778872883
361,3.3083043348117753
362,3.308304332328424
363,3.308304334218732
364,3.3083043205329163
365,3.3083043023227763
366,3.308304326027024
367,3.308304298226337
368,3.308304443050158
369,3.308303992383379
370,3.30826105357423
371,3.308295964038095
372,3.3083023379893497
373,3.308307594152261
374,3.3083001560170366
375,3.3083742589616825
376,3.308297993137997
377,3.3083091083748957
378,3.3082884437847206
379,3.3083043237257503
380,3.3083043174401556
381,3.308284409690822
382,3.3083062603369515
383,3.3083184738387406
384,3.3083043472556564
385,3.308304347524264
386,3.308304337533447
387,3.308304346143466
388,3.3083043177032
389,3.3083043531789063
390,3.3083043156894165
391,3.30830432824893
392,3.3083043306030913
393,3.3083043289910736
394,3.3083043038384505
395,3.3083043340722886
396,3.308304308142548
397,3.308304312471381
398,3.308304626733688
399,3.308304438853872
400,3.3083045612465813
401,3.3083043223481736
402,3.3084583822099205
403,3.3083043252736695
404,3.3083043282419227
405,3.3083043122851246
406,3.3083043430103602
407,3.3083055186038512
408,3.3083090936343185
409,3.3083043593269537
410,3.3083046052834835
411,3.308304337975495
412,3.3083043200771702
413,3.3083043023227763
414,3.3083043157859087
415,3.308304302586781
416,3.308304322419176
417,3.30830433775001
418,3.308304314405025
419,3.308304319858699
420,3.3083043339695246
421,3.3083043075131284
422,3.3083043420742637
423,3.3083043245805404
424,3.3083043081774277
425,3.3083043283602533
426,3.3083046751558816
427,3.3083043325204113
428,3.3083043143032156
429,3.3083043101396097
430,3.3083043184661145
431,3.308304335219352
432,3.308304311578299
433,3.308304343503314
434,3.3083043314736833
435,3.3083044036291525
436,3.308304316345703
437,3.3083043258211156
438,3.3083043342327585
439,3.3082890918360746
440,3.3082009173282874
441,3.3083043103117125
442,3.3083043361644795
443,3.3083043232907254
444,3.3083043330195063
445,3.308304320283324
446,3.3083043033681743
447,3.3083043204148344
448,3.3083043329446125
449,3.3083043208786824
450,3.3083043078838474
451,3.3083043107733565
452,3.3083043303942987
453,3.3083043023227763
454,3.3083043199739035
455,3.3083043038353277
456,3.3083043023227763
457,3.3083043023227763
458,3.308304312403457
459,3.308304305536233
460,3.308304314774356
461,3.308304327682685
462,3.308304302419789
463,3.3083043312436398
464,3.3083043247545896
465,3.308304325286824
466,3.308304298555668
467,3.308304301238738
468,3.308304339793754
469,3.308304307721248
470,3.3083043092895186
471,3.3083043472673155
472,3.3083043077782768
473,3.3083043170408395
474,3.3083043015166993
475,3.308304316262313
476,3.3083043332544384
477,3.308304335403008
478,3.308304317917347
479,3.308304342118293
480,3.30830434000868
481,3.308304313957824
482,3.3083043023227763
483,3.30830433981128
484,3.3083043093033275
485,3.3083043121552604
486,3.3083043264054623
487,3.308304315449817
488,3.3083043116598234
489,3.3083043088416324
490,3.3083043021929597
491,3.308304302812375
492,3.3083043280767783
493,3.3083043341314307
494,3.3083043224923645
495,3.3083043069789895
496,3.30830435657646
497,3.3083043170004087
498,3.308304335530748
499,3.308304295782702
500,3.3083043405774366
501,3.308304330922336
502,3.3083043023227763
503,3.308304312975052
504,3.3083043235629073
505,3.3083043023227763
506,3.308304338010009
507,3.3083043132817873
508,3.3083043023227763
509,3.3083043468095696
510,3.3083043205020943
511,3.3083043226753386
512,3.3083043131991463
513,3.308304313950137
514,3.308304317063579
515,3.3083043255623594
516,3.3083043437036217
517,3.3083043117988753
518,3.3083043214220376
519,3.308304330993224
520,3.3083043126920617
521,3.308304334057979
522,3.3083043023227763
523,3.30830433631978
524,3.3083043289775453
525,3.308304324223151
526,3.3083043272232473
527,3.3083043259266187
528,3.3083043395773224
529,3.3083043023227763
530,3.3083043339598497
531,3.308304326170343
532,3.3083043272689765
533,3.3083043293614978
534,3.3083043108421313
535,3.3083043226689477
536,3.3083043034350297
537,3.3083043023227763
538,3.3083043010416406
539,3.30830432917973
540,3.3083043049399516
541,3.3083032950990416
542,3.3082996247412146
543,3.3077864882151538
544,3.308228411913323
545,3.311372716526363
546,3.3072163363672606
547,3.307449449421668
548,3.31241860167344
549,3.30827283875106
550,3.311452645226512
551,3.308437836157055
552,3.3084543611030495
553,3.308304207121023
554,3.3082918406390447
555,3.308305504834302
556,3.3081882545851724
557,3.308392731677153
558,3.3083043374038628
559,3.308308073613014
560,3.3083158287297345
561,3.30830433566404
562,3.3083043289731777
563,3.3083136485795004
564,3.3083043500649474
565,3.3083067050062502
566,3.308304311468669
567,3.308324257995965
568,3.3083043782542143
569,3.3083035480270953
570,3.3080763691452986
571,3.308304308355456
572,3.308304326789249
573,3.308304322515788
574,3.308304333910879
575,3.3083044626793994
576,3.308304323043241
577,3.3083043199823123
578,3.308304344036931
579,3.3083043164978143
580,3.3083043252711906
581,3.3083043449890335
582,3.3083043197011377
583,3.308304285783416
584,3.308304338919951
585,3.308304323460803
586,3.308304356762298
587,3.308304332917336
588,3.308304310933138
589,3.3083043217131807
590,3.3083043466136943
591,3.3083043365302736
592,3.308330549886072
593,3.308356561664197
594,3.3083743575111075
595,3.3083054271808714
596,3.3083056719138972
597,3.308295748411951
598,3.3083032704316384
599,3.3083180620233192
600,3.308315139173021
601,3.3083042574077
602,3.3072566226270546
603,3.308228985542383
604,3.308306823720053
605,3.3083050944563035
606,3.308304383250413
607,3.3083045960121784
608,3.308304294891124
609,3.3082993509943206
610,3.30830430674757
611,3.308332850607913
612,3.308304348514078
613,3.308305455231982
614,3.3083046497765305
615,3.3083043201696705
616,3.3083043164631105
617,3.3083043205099263
618,3.308304335831764
619,3.3083043385491093
620,3.308304342229149
621,3.308304300802795
622,3.308298146038341
623,3.3082589117876404
624,3.3083038524370934
625,3.3083043255186113
626,3.308304324413055
627,3.308304319293106
628,3.308304302040702
629,3.308304350443007
630,3.308304301224555
631,3.308304299100529
632,3.308304328656358
633,3.3083043324263164
634,3.3083043023227763
635,3.3083043123654265
636,3.3083000802587685
637,3.308304315186052
638,3.3083043019100895
639,3.3083043311243316
640,3.3083041291538757
641,3.3083043021394847
642,3.3083043187875134
643,3.3083041424914454
644,3.3083043198632347
645,3.3083043276167334
646,3.3083043453031173
647,3.308304331212856
648,3.3083043022770138
649,3.308304340505932
650,3.308304298945785
651,3.308304321025275
652,3.3083043101983365
653,3.308304329935006
654,3.3083043064808604
655,3.308304335635
656,3.308304319289975
657,3.3083043149354783
658,3.308304333735104
659,3.3083042756328034
660,3.3083043132189514
661,3.308304334705941
662,3.3083042056917535
663,3.308304311244336
664,3.308304316812507
665,3.308304324555592
666,3.308304330316643
667,3.3083043212201546
668,3.3083043162581487
669,3.308304339502647
670,3.3083046319744542
671,3.308304707420393
672,3.3083043289068996
673,3.3083043245940362
674,3.308304315382658
675,3.308304332837198
676,3.3083043181263543
677,3.308304326720503
678,3.30830395237591
679,3.308304320238495
680,3.3083042996608802
681,3.308304306017289
682,3.308304342727937
683,3.308304326630427
684,3.308304325192268
685,3.3083043333221522
686,3.3083043111151085
687,3.3083043344919467
688,3.3083042989075953
689,3.308304337821263
690,3.3083042972215617
691,3.308304320028555
692,3.308304334191013
693,3.308304341096975
694,3.3083043368617693
695,3.3083043174323192
696,3.308304335661999
697,3.3083043292404
698,3.308304308723715
699,3.308100673734325
700,3.308304321936718
701,3.3083043423743503
702,3.3083043139328363
703,3.3083043309822777
704,3.3083043209214273
705,3.308304312504783
706,3.308304342096182
707,3.308304317336381
708,3.308304348631418
709,3.3083043260123635
710,3.308304307173783
711,3.3083043186519125
712,3.308304325208834
713,3.308304336606968
714,3.3083043231301095
715,3.3083043020448515
716,3.308304306315938
717,3.3083043226925413
718,3.3083047863889488
719,3.3083044010562523
720,3.308304946352215
721,3.308304338757592
722,3.3083043002815815
723,3.3083043269455907
724,3.308304312798086
725,3.3083043203010383
726,3.3083043023227763
727,3.3083043023227763
728,3.3083043023227763
729,3.308304342748039
730,3.3014927218737444
731,3.3076599278266006
732,3.3082255693172136
733,3.3083071920641762
734,3.308305782635355
735,3.308304376961887
736,3.3083051839154205
737,3.3082981402024765
738,3.308345714343019
739,3.308304983098032
740,3.3083043615721612
741,3.308262302616979
742,3.3083043415816173
743,3.308298723988031
744,3.3083044427351687
745,3.3083070492340596
746,3.308306243052156
747,3.308304208963816
748,3.3083043151570566
749,3.308304320128413
750,3.3083043225389046
751,3.3083047528915768
752,3.3083043279452853
753,3.308304809177908
754,3.308304315028559
755,3.3083047173823696
756,3.3083044989827024
757,3.3082484994018984
758,3.308331800316022
759,3.3083043234636933
760,3.3083053391053903
761,3.308304345193254
762,3.3083043117476825
763,3.3083043009139517
764,3.3083043168322135
765,3.308304339830385
766,3.3083043194410817
767,3.308304322634395
768,3.3083043023227763
769,3.3083043150023985
770,3.3083043050973084
771,3.3083043015485525
772,3.3083043023227763
773,3.3083043017149465
774,3.3083043136632937
775,3.308304302686354
776,3.308304303717236
777,3.308304329205029
778,3.3083043114582833
779,3.308304315787781
780,3.3083043427275474
781,3.3083043237604577
782,3.3083043023227763
783,3.3083043522212985
784,3.3083043074770178
785,3.308304300340611
786,3.3083043330219337
787,3.308304337172761
788,3.3083043023227763
789,3.308304306559185
790,3.3083043355495025
791,3.3083043023227763
792,3.3083043186932493
793,3.3083043023033807
794,3.3083043034446784
795,3.3083043014573934
796,3.308304330235301
797,3.308304322581386
798,3.3083043017213507
799,3.308304312230214
800,3.3083043023227763
801,3.3083043136714503
802,3.3083043007521495
803,3.3083043023227763
804,3.308304308095662
805,3.3083043213495404
806,3.308304302655926
807,3.3083043023227763
808,3.308304302889625
809,3.308304300700437
810,3.3083043012417863
811,3.3083043023227763
812,3.3083043023310217
813,3.3083043023227763
814,3.3083043023227763
815,3.3083043023227763
816,3.3083043023227763
817,3.3083043023227763
818,3.3083043248407518
819,3.308304322852657
820,3.3083043316327956
821,3.3083043023227763
822,3.308304303675722
823,3.308304336804734
824,3.3083043379560726
825,3.3083043023227763
826,3.308304313885071
827,3.308304330666272
828,3.3083043074443377
829,3.3083043335914657
830,3.308304300060043
831,3.3083043093068847
832,3.3082594365390015
833,3.3083139532137187
834,3.308304172215983
835,3.308298908464966
836,3.308299458047526
837,3.3082847046523605
838,3.3082993312990605
839,3.3083398079631157
840,3.3083043398207113
841,3.3083043079611834
842,3.3083043023227763
843,3.308304316113138
844,3.3083043372363363
845,3.3083043023227763
846,3.3083043512053667
847,3.308304329771905
848,3.3083043084803405
849,3.3083043465626636
850,3.308304334135519
851,3.308304310408272
852,3.3083043300864294
853,3.308304333645716
854,3.308304321389008
855,3.3083043017706304
856,3.3083043496944926
857,3.30830432612009
858,3.3083043155745893
859,3.308304327608441
860,3.3083043225658932
861,3.3083043269414207
862,3.3083042999813053
863,3.3083043246442894
864,3.3083043181006953
865,3.3083043023227763
866,3.3083043334821944
867,3.3083043315113034
868,3.308304321565045
869,3.3083043023227763
870,3.3083043361547615
871,3.3083043206207927
872,3.308304301363359
873,3.3083042999843006
874,3.308304335394741
875,3.308304324109542
876,3.3082698322772592
877,3.3083041502122503
878,3.3083008832802014
879,3.308304348859487
880,3.3082885706751535
881,3.308303821762011
882,3.3083042716782574
883,3.308299138338888
884,3.3083061900856645
885,3.3083042718149476
886,3.308313864192613
887,3.30829106883301
888,3.308310488433217
889,3.3083099427167193
890,3.3083027917842
891,3.308301916119942
892,3.3083488003406485
893,3.3083456529218735
894,3.3083214225591187
895,3.3083613565384686
896,3.3084746305572534
897,3.308430527969262
898,3.3083053488312664
899,3.3083080242385203
900,3.308305689945214
901,3.308281399479763
902,3.3083091741380777
903,3.307941324163814
904,3.308304443480027
905,3.3083050089302337
906,3.3083063191079813
907,3.308304317793619
908,3.3083045571134653
909,3.308304980804673
910,3.3083043369876135
911,3.3083044265772283
912,3.308304966711914
913,3.308304303222834
914,3.308304341163939
915,3.308304321296217
916,3.3083043210785252
917,3.30830422509993
918,3.3083043482557732
919,3.3083043090896127
920,3.308305052607886
921,3.3083043584989946
922,3.3083043202906808
923,3.308304322272435
924,3.3083636423238265
925,3.3083064841754095
926,3.308306243984203
927,3.3083049984512325
928,3.308304315790189
929,3.3083045200171965
930,3.308304976582641
931,3.308304302765506
932,3.3083043150811893
933,3.3083043109298504
934,3.308304522850972
935,3.3083043120619315
936,3.3083043908576832
937,3.3083043164759034
938,3.308304344556405
939,3.3083043312767866
940,3.3083041694087703
941,3.308304213843603
942,3.3083043002033294
943,3.3083043151303353
944,3.3083043236830942
945,3.308305690667726
946,3.30830361776723
947,3.3083046158375025
948,3.308304349821349
949,3.3083043358598414
950,3.30830434616417
951,3.3083043080625183
952,3.3083043223229933
953,3.308304327763736
954,3.3083043348058525
955,3.3083043159438272
956,3.308304340189318
957,3.3083043201825197
958,3.3083043177483966
959,3.3083043282621563
960,3.3083043232897307
961,3.3083043160261494
962,3.308304281059054
963,3.308304328453895
964,3.3083043109077366
965,3.3083043294395478
966,3.3083043289350273
967,3.3083043056075487
968,3.3083043508301055
969,3.30830431641096
970,3.3083043023227763
971,3.308304320807987
972,3.3083043297167394
973,3.308304327402433
974,3.3083043107497203
975,3.30830430248793
976,3.3083043023227763
977,3.3083043208444307
978,3.308304326158573
979,3.308304323167735
980,3.3083043452835037
981,3.3083043328216437
982,3.3083043012768005
983,3.308304321504933
984,3.308304333986338
985,3.308304315943806
986,3.30830431274838
987,3.308304324137401
988,3.308304322132662
989,3.3083043324737376
990,3.3083043023062992
991,3.3083043326798434
992,3.308304309863205
993,3.3083043020283447
994,3.308304293187467
995,3.308304347033211
996,3.308304331611708
997,3.308304328853264
998,3.3083043292354493
999,3.308304327814562
1000,3.308304310869939
1001,3.30830432079622
1002,3.3083043212648757
1003,3.3083043243443195
1004,3.3083043023227763
1005,3.3082579560292165
1006,3.3083043023227763
1007,3.308304336592657
1008,3.3083043510396877
1009,3.3082219972348397
1010,3.3082921609670746
1011,3.3083038603558963
1012,3.3083044582854653
1013,3.3083044048341246
1014,3.308304174466596
1015,3.3083043102559073
1016,3.3083045039821246
1017,3.308304729348109
1018,3.3074878261078755
1019,3.3083045795496426
1020,3.3083042819545105
1021,3.308241703414268
1022,3.3083057725894434
1023,3.3083043234968543
1024,3.3083043340819374
1025,3.3083096173260484
1026,3.3083615111704967
1027,3.308305856368994
1028,3.308309085591125
1029,3.3083047578221585
1030,3.3083070427888357
1031,3.308308278978672
1032,3.3083054696066028
1033,3.3083049253268415
1034,3.3083055538585175
1035,3.308304290507313
1036,3.308273576221506
1037,3.308304288390546
1038,3.3083043278604283
1039,3.3083043156873004
1040,3.30830433592206
1041,3.3083043035535824
1042,3.308304312863001
1043,3.308304329096122
1044,3.308304328912302
1045,3.308304322329964
1046,3.308304342546179
1047,3.3083043505773313
1048,3.308304355585226
1049,3.308304439556984
1050,3.3083043262220078
1051,3.3083043892707353
1052,3.3083043349200616
1053,3.308304336341175
1054,3.308304338683938
1055,3.3083046451616616
1056,3.308304386069605
1057,3.3083043406988155
1058,3.3083043449481155
1059,3.308304333252432
1060,3.308304329979994
1061,3.3083043388725804
1062,3.3083043119917224
1063,3.3083043284978992
1064,3.3083043023227763
1065,3.3083043207259277
1066,3.308304309454347
1067,3.3083043292453205
1068,3.3083043275696373
1069,3.308304310620426
1070,3.3083043023227763
1071,3.308304325747906
1072,3.3083043205005134
1073,3.3083043383051596
1074,3.3083043155545746
1075,3.3083043319304597
1076,3.308304329989617
1077,3.3083043132892826
1078,3.3083043320289
1079,3.308304322967573
1080,3.3083043346006598
1081,3.308304304416895
1082,3.3083043308706825
1083,3.30830431954428
1084,3.3083043424742034
1085,3.308304304851065
1086,3.3083043043009126
1087,3.308304335760378
1088,3.3083043205130602
1089,3.3083043268089
1090,3.308304323999858
1091,3.308304329149445
1092,3.3083043317492153
1093,3.308304307176996
1094,3.3083043195036455
