reaction_index,Temp 1467.18
0,0.4002917453086175
1,0.40071201688442776
2,0.4006535472636065
3,0.4004049854411461
4,0.40072589411597465
5,0.4007194640074278
6,0.40071950182673793
7,0.40071945008591275
8,0.4007194501079468
9,0.40071944968336703
10,0.40071945008591275
11,0.4007194875935102
12,0.4007195843041577
13,0.4007194704580358
14,0.40072610004545317
15,0.4007629572539675
16,0.4007087951622871
17,0.40073551569540367
18,0.40073678864645634
19,0.4007176753465243
20,0.40071941159354146
21,0.4007052864833395
22,0.40072214828477676
23,0.4007187475569662
24,0.4007199942366734
25,0.40071963516965814
26,0.40072036351907364
27,0.4007082373972877
28,0.4007209584713919
29,0.4007193116592027
30,0.40071943878057725
31,0.4007194805533713
32,0.4007180706061738
33,0.400729336707898
34,0.4007191109348202
35,0.40059565378190937
36,0.40071945027594424
37,0.4004186212220208
38,0.400722423448971
39,0.40071944968973155
40,0.40071945140612647
41,0.4003479797999023
42,0.40074983227634653
43,0.4007209414334054
44,0.40071947601868424
45,0.40072014973434206
46,0.40072186202851084
47,0.4007195870649364
48,0.4007051879041161
49,0.4007194546610132
50,0.40071906634177273
51,0.40071937995830254
52,0.4008585636858065
53,0.40071882899959055
54,0.4007148381673602
55,0.40071956799658615
56,0.40071971850108296
57,0.40081154137467806
58,0.400926335687008
59,0.40078598994459425
60,0.40073247099790027
61,0.40073407219758767
62,0.4007271636979827
63,0.40070326870302664
64,0.4010284671698663
65,0.4007994562160288
66,0.4007183715718772
67,0.4007131109884699
68,0.4009307708759201
69,0.4006554414608057
70,0.4007102511630552
71,0.400720544037609
72,0.4007155525763274
73,0.40078440586240716
74,0.40071947665111884
75,0.40071976081521476
76,0.400719684070649
77,0.4007202150980034
78,0.40072114709130496
79,0.40071977657269575
80,0.40071950454391386
81,0.4007558070698734
82,0.4006205456969684
83,0.4008308239448507
84,0.4007204095446007
85,0.4007205157155161
86,0.4007199502190459
87,0.4007194499991806
88,0.40071922326195564
89,0.4007194502821892
90,0.40071945090166866
91,0.4007194521171466
92,0.40070705431946135
93,0.4007201424672639
94,0.40068115601088317
95,0.400719482539339
96,0.4007196593787503
97,0.4007194499994535
98,0.40071959069844065
99,0.40071948160257903
100,0.400719439829188
101,0.4007130735261837
102,0.4007194195439181
103,0.40072234684374197
104,0.4007203967750246
105,0.40071948557783965
106,0.40071945635961
107,0.40071950300818165
108,0.4007310095380625
109,0.4006754888655793
110,0.4007173883562244
111,0.4007190283980703
112,0.4007137160852138
113,0.40071954939259447
114,0.40071871435197653
115,0.4007173669366483
116,0.40071887988915167
117,0.40071945077218984
118,0.4007211251645769
119,0.40071938567877197
120,0.40071944643777446
121,0.4007194375336337
122,0.40071945128275477
123,0.40071970656560346
124,0.4007201934803967
125,0.40071933654360603
126,0.40071953625167345
127,0.4007191220127023
128,0.40071947227203025
129,0.4007194468838551
130,0.40071945332218917
131,0.4007120165780285
132,0.40065354697586036
133,0.40073017129189537
134,0.40072418090141065
135,0.40072572923983585
136,0.40071122447101365
137,0.40078242787738916
138,0.40059850615151654
139,0.400646586281001
140,0.4002673801857137
141,0.40073633098902356
142,0.40071880481120203
143,0.40071944960341904
144,0.40071937905295524
145,0.40075274520807935
146,0.4007194373255937
147,0.40071912076471317
148,0.4007193849038244
149,0.4007146316949549
150,0.4006589023844268
151,0.4007183930592061
152,0.4007194187665466
153,0.40071943461398196
154,0.40071944907129975
155,0.4007176754108327
156,0.4007194122531675
157,0.400730388418724
158,0.4007248155697324
159,0.40069285946715166
160,0.4006792564897756
161,0.4007367363417838
162,0.4007229426564168
163,0.40071973067359024
164,0.40071945078651916
165,0.4003923519470183
166,0.40072063508222966
167,0.4007093951494664
168,0.4007196353272952
169,0.40072036371497805
170,0.40060457301557767
171,0.4006240776908589
172,0.4007196850971858
173,0.40072024026440867
174,0.4007198854000469
175,0.4007144671888496
176,0.4007207615391023
177,0.4007195369257072
178,0.4007184789126021
179,0.39935320567295596
180,0.40071970944970564
181,0.40070267949864996
182,0.4007058989708497
183,0.4007198524966035
184,0.40072184899989394
185,0.4007057498791794
186,0.4007194405827647
187,0.4007185852558026
188,0.4007194493670002
189,0.40071944035701257
190,0.40071847843746566
191,0.4007207901494378
192,0.4007194922126326
193,0.4007193825644376
194,0.4007194497418915
195,0.4007194559699208
196,0.4007194520799847
197,0.40071944990617314
198,0.40071945197218717
199,0.4007194499152608
200,0.4007194519553385
201,0.40071954220908085
202,0.400720268409574
203,0.4007194739376177
204,0.40071945108941753
205,0.40071945118463576
206,0.40071945118465346
207,0.40071945009365667
208,0.40071944927907266
209,0.400719489734567
210,0.40117316083581
211,0.40074601499598334
212,0.400462730591336
213,0.4007137524278207
214,0.4007979701056766
215,0.40047378775395887
216,0.40067434140546704
217,0.40058812611808736
218,0.400695765373511
219,0.40071945518691315
220,0.4007206833366737
221,0.40101381464219094
222,0.4008210745736039
223,0.400814286259344
224,0.40071945040776746
225,0.40071264444615756
226,0.40071933120005915
227,0.4013970744785387
228,0.40078389591964547
229,0.4008458323274506
230,0.4007181009308224
231,0.40075994409568777
232,0.4007194624345269
233,0.40071918726235733
234,0.4007194516652096
235,0.4007194522016194
236,0.4007194515341024
237,0.4007194488660796
238,0.4007194518727343
239,0.4007194924854067
240,0.4007194590974951
241,0.40084082265929105
242,0.4007189554786808
243,0.400712059966761
244,0.40071925417016013
245,0.4012701935444464
246,0.4007760895153805
247,0.40081866110143194
248,0.4007177214423515
249,0.4007423013232761
250,0.4007194475472619
251,0.40071946073896764
252,0.4003661768881536
253,0.4006990966595766
254,0.4007194572949954
255,0.40071944924217884
256,0.40071952980986103
257,0.4007194505592244
258,0.4007194525063851
259,0.4007194726539444
260,0.4007194542762005
261,0.40080637636614436
262,0.4006618607553111
263,0.4007194449941743
264,0.40071944403735504
265,0.4007198652531794
266,0.40071945008591275
267,0.4006923589401894
268,0.4007043415580736
269,0.4007173795362733
270,0.4006814059121699
271,0.40070470272004627
272,0.40071790334238305
273,0.4007166894449815
274,0.40074121116500006
275,0.4007327420245597
276,0.4006084988337274
277,0.400690133696498
278,0.40082175091068095
279,0.4008657604436923
280,0.40072423843348104
281,0.40085791903957835
282,0.40071945689387767
283,0.40071945432386863
284,0.4007194545136034
285,0.4007194590557956
286,0.40086976591153123
287,0.4007194491900825
288,0.40071943208042543
289,0.400719455153672
290,0.40071945681444976
291,0.40071945051178065
292,0.40071947246009837
293,0.40071957636391387
294,0.4007207109879355
295,0.40071943755184947
296,0.4007207039314834
297,0.4007208135853555
298,0.4007194042192915
299,0.4007188228951333
300,0.400719444992847
301,0.4007194319453294
302,0.4007194499064448
303,0.40071940911627146
304,0.4007194473257498
305,0.40071944281554084
306,0.4007194503068137
307,0.4007194520032733
308,0.4007194513433441
309,0.40071944268285004
310,0.4007194385236266
311,0.40072006403543514
312,0.4007194511421349
313,0.4007194489995828
314,0.4007194508753661
315,0.4007169544549827
316,0.40065226204016974
317,0.4007194496538668
318,0.40071944862723025
319,0.40071945123384567
320,0.40069083248416565
321,0.4007194518857929
322,0.4007194279016315
323,0.4007194517152929
324,0.40071944969651335
325,0.400719450856638
326,0.40071945092238714
327,0.40071944914439706
328,0.4007194505302319
329,0.4007185001938029
330,0.40072114213926746
331,0.4007194498518491
332,0.4007194495265111
333,0.4007194500119373
334,0.4007194512888553
335,0.4007194519513726
336,0.40071945185177293
337,0.40071945342415805
338,0.4000643529998725
339,0.400719450772143
340,0.4007194492523359
341,0.4007194488130178
342,0.4007194499553333
343,0.4008614991493595
344,0.40071954316439556
345,0.40071937061373636
346,0.40074204185399837
347,0.4007204839946025
348,0.40071449805990145
349,0.40071944210991295
350,0.4007156672786834
351,0.40071943733112125
352,0.400719120843675
353,0.40071947150032317
354,0.40071946073558123
355,0.40071962820882123
356,0.40071946442136347
357,0.4007194533529746
358,0.4007178152257843
359,0.4007194404380872
360,0.4007194543387922
361,0.4007194486103287
362,0.4007041383324437
363,0.4007194498303342
364,0.4007194505596223
365,0.40071944923300445
366,0.4007194497534011
367,0.40071945111331164
368,0.40071948161922283
369,0.400719185232767
370,0.40070201600412925
371,0.40071749697699516
372,0.40071903510258494
373,0.4007203586431451
374,0.4007168541098617
375,0.4007364996226324
376,0.40071888501836894
377,0.40071980967083815
378,0.4007169484295419
379,0.4007194493436409
380,0.4007194492157241
381,0.40071734706155643
382,0.4007194059175507
383,0.40071907393277817
384,0.4007194604415727
385,0.4007194477793181
386,0.4007194501152503
387,0.4007194402584016
388,0.4007196485861977
389,0.40071945579819845
390,0.40072345739181636
391,0.4007194521907116
392,0.4007194566750403
393,0.40073631036419793
394,0.4007194514884917
395,0.40071410828335996
396,0.4007217203605558
397,0.40072080207792843
398,0.4007200021089769
399,0.40071946630537614
400,0.4007194654195127
401,0.40071945091776
402,0.4007613280998602
403,0.4011405924963458
404,0.40069041877450345
405,0.4007213153145093
406,0.40071947895187965
407,0.4007196397472987
408,0.4007198795973188
409,0.40071949046556044
410,0.40071948447582634
411,0.4007325764733386
412,0.4007194525338328
413,0.4007194514538772
414,0.40071944976429397
415,0.4007194514666144
416,0.40071945967162365
417,0.4007194499856488
418,0.4007194494552418
419,0.4007194512503527
420,0.4007194520176559
421,0.4007194495506595
422,0.40071944996797276
423,0.40071945141804494
424,0.40071945164845685
425,0.4007194509837249
426,0.40071951189721466
427,0.40071944872273546
428,0.4007194498518544
429,0.4007194843710839
430,0.4007194499781944
431,0.40071945051268715
432,0.40071944857908914
433,0.40071945192089886
434,0.4007194485456216
435,0.4007194525835902
436,0.40071941684148876
437,0.4007194502003911
438,0.4007194511250715
439,0.4007182084335049
440,0.4007165449117023
441,0.40071945052447644
442,0.4007190643493533
443,0.4007194316718278
444,0.40071945112992985
445,0.4007194449389804
446,0.4007194507213217
447,0.4007194505771367
448,0.40071944975414897
449,0.40071945183994834
450,0.400719429647183
451,0.40071945674926807
452,0.40073063686559884
453,0.4007218788612416
454,0.40071945273222664
455,0.4007195343494486
456,0.4007194498193323
457,0.40071945051038027
458,0.40074791353663247
459,0.40071945399960346
460,0.40071944356066413
461,0.4007185910695536
462,0.4007194514813295
463,0.4007194515593494
464,0.4007194662283562
465,0.4007198711690189
466,0.40072074567219595
467,0.4007193864732549
468,0.4007195190080586
469,0.40071939877046486
470,0.40071951219731194
471,0.4007235893612961
472,0.40071945114393054
473,0.4007194470784053
474,0.4007194747559572
475,0.4007194498741184
476,0.40071705837876304
477,0.4007194510876097
478,0.4007194506861389
479,0.4007194479885185
480,0.40071944900773426
481,0.400719451396102
482,0.4007342574826474
483,0.40071944898178175
484,0.40071944677861754
485,0.400719450577695
486,0.4007864620968075
487,0.40071963542461897
488,0.40067952037204585
489,0.40071944890906097
490,0.40071945031057715
491,0.4007194497233917
492,0.40071944791606834
493,0.4007194455477867
494,0.4007194479890669
495,0.40071945109313917
496,0.4007194491400076
497,0.4007194478915657
498,0.40071944772492907
499,0.40071944807509313
500,0.4007194515186372
501,0.4007194519337034
502,0.4007194506409338
503,0.4007194479083542
504,0.40071945160313793
505,0.40071945115484414
506,0.40071788869266467
507,0.40071945015500926
508,0.4007194502401953
509,0.4007096085598083
510,0.39981794638836193
511,0.4007125846193218
512,0.4007194474335049
513,0.40071958862014173
514,0.4007194490153528
515,0.4007194508836262
516,0.4007194541945382
517,0.4007194504073828
518,0.40140603708168526
519,0.40071947832711996
520,0.4007194542485239
521,0.4007194505936165
522,0.40071945050302976
523,0.40071945210066845
524,0.4007194559581544
525,0.40071946849210216
526,0.40071945070430987
527,0.40071945123002445
528,0.4007194505488544
529,0.40071945170843926
530,0.4007194199207216
531,0.4007158404051699
532,0.40089824738992047
533,0.4007205305368393
534,0.4007194478177752
535,0.4007196056331456
536,0.40071944927499936
537,0.4007194503703454
538,0.4007190042737543
539,0.4007196365926624
540,0.40071958567907834
541,0.40071944830195794
542,0.4007195232626118
543,0.4006513985028657
544,0.40070760576480213
545,0.40079834056320957
546,0.400730353824238
547,0.40076621098069604
548,0.4008044485594171
549,0.40071830110910445
550,0.4009088055647551
551,0.40071842648657524
552,0.4007316566904736
553,0.40071945178505053
554,0.4007163929381188
555,0.4007194837865288
556,0.40071391819322766
557,0.40072430443162965
558,0.4008113694052742
559,0.4007196648377338
560,0.4007197546661547
561,0.4007194434778715
562,0.4007194504896276
563,0.4007210757488001
564,0.4007194498093491
565,0.40071950815826063
566,0.4007194511200891
567,0.40072168600673885
568,0.4007194538626464
569,0.4007195733305921
570,0.4007170518373863
571,0.4007194748521883
572,0.40071944831479683
573,0.40071945208764215
574,0.4007194504104779
575,0.400719490372433
576,0.40071945014032245
577,0.40071945084031435
578,0.40071944997985737
579,0.40071945193302233
580,0.40071945085547234
581,0.400719450327136
582,0.4007194503760644
583,0.40071944835716466
584,0.4007208314715285
585,0.4007194496986942
586,0.4007194546049863
587,0.40071944874297066
588,0.40071945020124194
589,0.40071945008390897
590,0.40071944910482693
591,0.40071945062327424
592,0.4007283968988419
593,0.4007244388371305
594,0.4007274310109301
595,0.4007195033325576
596,0.4007197256763348
597,0.40071939927729266
598,0.4007193191151856
599,0.4007202196581374
600,0.40072244945879354
601,0.4007194445248563
602,0.4006368132734128
603,0.4007113029278459
604,0.4007177325888206
605,0.40071880991340936
606,0.4007194555699036
607,0.40072004815231843
608,0.4007877751183868
609,0.4007194064258671
610,0.40071944961124056
611,0.400727563740777
612,0.4007194649939318
613,0.4007195463542779
614,0.4007194590761671
615,0.4007194515814799
616,0.4007194726000378
617,0.4007194528409392
618,0.40071944932876125
619,0.4007194507996711
620,0.4007194493541768
621,0.4007194512495678
622,0.4007179544071475
623,0.40071942297092644
624,0.4007194077153486
625,0.40071946552377163
626,0.4008395091442688
627,0.4007178105138956
628,0.4007194511984022
629,0.4007194513996801
630,0.40071944744456334
631,0.40071945249181945
632,0.4007194456213113
633,0.40072205934594657
634,0.40071945028385825
635,0.40071945049899765
636,0.4007194218699026
637,0.40071935903646744
638,0.4007234590619616
639,0.4007164643278925
640,0.4007193871870734
641,0.40071944944902804
642,0.4007194507137649
643,0.40071942691249307
644,0.40071945028085293
645,0.4007194519926803
646,0.40071945210184107
647,0.4007194494060108
648,0.40071945140479787
649,0.40071945271673504
650,0.4007194508238444
651,0.4007194467163423
652,0.4007194508657376
653,0.40071945254704955
654,0.4007194500381876
655,0.40071945040794726
656,0.4007194498027703
657,0.4007194498340106
658,0.4007194497717592
659,0.4007194506542672
660,0.40071944952213845
661,0.40071945102802686
662,0.40071943350060424
663,0.40071944937957704
664,0.40071944975060403
665,0.40071944971590884
666,0.40071945052946656
667,0.40071945010829807
668,0.4007194505023681
669,0.40071945065316333
670,0.40071947139574265
671,0.4007193923414711
672,0.4007194502830388
673,0.4007194506040067
674,0.4007194493630288
675,0.4007194515363072
676,0.40071944875572846
677,0.4007194507568479
678,0.4007195072221911
679,0.40071944482587474
680,0.40071945228466266
681,0.40071944973280427
682,0.400719448477692
683,0.40071944859313846
684,0.4007194503808431
685,0.4007194503268273
686,0.40071945175841145
687,0.4007194509304923
688,0.4007194495363125
689,0.40071944955894717
690,0.400719450206486
691,0.40071945053310376
692,0.40071944945029714
693,0.400719450242872
694,0.4007194490587244
695,0.4007194509851402
696,0.400719451497508
697,0.40071944997868375
698,0.40071944879323396
699,0.4005966608273217
700,0.4007194482693991
701,0.4007194506438356
702,0.4007194510425054
703,0.40071944972767065
704,0.4007194484540386
705,0.4007194522061407
706,0.4007194497417778
707,0.40071945103767914
708,0.400719450521785
709,0.4007194500926992
710,0.40071945062485925
711,0.40071944993263753
712,0.4007194496897875
713,0.40071945061685743
714,0.4007194493516865
715,0.40071945174068596
716,0.40071945068542575
717,0.400719449837963
718,0.40071944939620213
719,0.40071944997526454
720,0.4007194537001948
721,0.4007194498631871
722,0.4007194507596238
723,0.400719450960569
724,0.4007194509705996
725,0.4007194497732629
726,0.40071944932911646
727,0.4007194293409052
728,0.40071944996174697
729,0.40071945082467714
730,0.40060040678920644
731,0.40065981165176623
732,0.40071501361384815
733,0.400719638726524
734,0.4007189195700156
735,0.4007194544945128
736,0.40071948009122654
737,0.40071945170674184
738,0.4007204102406344
739,0.40071945897536787
740,0.40071945051493946
741,0.4007193095435726
742,0.4007194509489559
743,0.4007193602163775
744,0.40071945541849696
745,0.4007191439681209
746,0.4007189451815965
747,0.4007194466565637
748,0.4007194509417471
749,0.40071944871700216
750,0.40071944983021507
751,0.4007194810197579
752,0.4007194487685463
753,0.4007194671292245
754,0.4007215271415735
755,0.40071945141076243
756,0.40071945241196216
757,0.40071681808659676
758,0.40071981603903023
759,0.4007194544315383
760,0.40071946340073716
761,0.40071945135020803
762,0.4007194479805303
763,0.40071945061821834
764,0.40071944934718523
765,0.40071945138412035
766,0.40071945159086586
767,0.40072294871745084
768,0.40071922388590725
769,0.40071954413786576
770,0.40071945146446003
771,0.4007194525374916
772,0.4007194502841997
773,0.4007194491545485
774,0.40071953655364045
775,0.40071946041063355
776,0.4007194505018544
777,0.40071970221529346
778,0.40071925201192
779,0.4007194488127169
780,0.4007157348638254
781,0.40071912280424793
782,0.40071840280080556
783,0.40071961747273493
784,0.40071953301086877
785,0.40071990212930936
786,0.40071918750741864
787,0.40071945000534787
788,0.4007194363855111
789,0.4007193909539974
790,0.40071945271067894
791,0.40070423952400985
792,0.4007196314088662
793,0.4007194667009954
794,0.4007194632883953
795,0.40071945036491974
796,0.40071944969393875
797,0.4007195493578766
798,0.40071949635338006
799,0.4007194506439955
800,0.400719449646004
801,0.4007180480679732
802,0.4007194498711559
803,0.40071944882088856
804,0.40071945066431675
805,0.4007194508453963
806,0.40071792484853574
807,0.40071944289972067
808,0.4007194484640298
809,0.40071945046982177
810,0.4007227825122859
811,0.400764381714279
812,0.40071944957781125
813,0.4007194508919744
814,0.40071945144942356
815,0.4007194426370124
816,0.400719449028723
817,0.40071944931468984
818,0.40071945306403156
819,0.4007188159355938
820,0.4007187819757856
821,0.40072433191990386
822,0.40076569652272415
823,0.4007204384239692
824,0.40072490406230005
825,0.40071946490501875
826,0.4007194950770235
827,0.4007198902584015
828,0.4007195800282031
829,0.4007198803860632
830,0.40071945537619436
831,0.4007194494191107
832,0.4007141845590963
833,0.40072117585209027
834,0.4007194089436156
835,0.4007165601433104
836,0.4007132429175632
837,0.40071495742764607
838,0.40071793556501606
839,0.40070883059487417
840,0.40071945045265306
841,0.4007194497143557
842,0.40071944973472945
843,0.40071945183681523
844,0.4007194513629735
845,0.4007194532244619
846,0.4007194506775264
847,0.40071944960623057
848,0.40071945050269603
849,0.40071945028804823
850,0.40071945082867744
851,0.4007194505506597
852,0.40071945111481516
853,0.4007194517560289
854,0.40071944875504706
855,0.40071945090832867
856,0.4007194499794175
857,0.40071944961247985
858,0.40071945105027995
859,0.40071945112019186
860,0.40071944930920744
861,0.4007194491489212
862,0.4007194503467964
863,0.40071944806869325
864,0.4007194499288025
865,0.4007194497097941
866,0.40071945213918225
867,0.40071971962831265
868,0.40071945052005375
869,0.40071945223631134
870,0.4004576957337797
871,0.40071944918213015
872,0.4007194505767698
873,0.40071944994540254
874,0.4007194491005133
875,0.4007194501012877
876,0.40071518550073654
877,0.4007186345516195
878,0.4007083160279054
879,0.4007194508870228
880,0.4007196968167643
881,0.40071944436233403
882,0.40071939538346096
883,0.4007210642330244
884,0.4007219059725344
885,0.4007193999753175
886,0.4007204635213085
887,0.400716700082054
888,0.40072396749878103
889,0.40072353771137303
890,0.4007192945711865
891,0.400718993299142
892,0.40074612659612424
893,0.40072679346033635
894,0.4007206486773064
895,0.4007704524456435
896,0.400822582086671
897,0.40077956397486914
898,0.4007193387952126
899,0.4007196540065466
900,0.4007197024236307
901,0.40069798829770237
902,0.4007168029420949
903,0.40053576528089035
904,0.4006962068495002
905,0.4007195755911535
906,0.400719740925062
907,0.4007194513687761
908,0.40071950646953536
909,0.40072059976661795
910,0.4007203753592344
911,0.4007194740537633
912,0.40071952795898313
913,0.40071945167924555
914,0.40071945021626243
915,0.40071944935535175
916,0.4007194503301488
917,0.4007193508874895
918,0.4007194485354281
919,0.400718143727381
920,0.4007198366630577
921,0.4007194584555709
922,0.40071945188437363
923,0.4007194495990732
924,0.40077671704169787
925,0.40071985150459627
926,0.40071972633165115
927,0.40072064946621355
928,0.40072185488735623
929,0.40071949410853885
930,0.4007195285736607
931,0.4007194504946043
932,0.40071944982991037
933,0.4007194499838722
934,0.4007195002770326
935,0.4007194512243057
936,0.4007194944370501
937,0.4007189696170561
938,0.4007194494966961
939,0.4007194515554075
940,0.4007193819814363
941,0.4007193519304001
942,0.40071944944754184
943,0.4007194501539458
944,0.4007194520218032
945,0.40071887569583975
946,0.4007192034199869
947,0.4007196070163087
948,0.4007194658155163
949,0.40071945607474185
950,0.4007194539980073
951,0.4007196438693123
952,0.4007195693644424
953,0.4007194500129984
954,0.40071945208861226
955,0.40071945142278437
956,0.40071945075611665
957,0.40071944992387304
958,0.40071785714189423
959,0.400669551409382
960,0.40071944840108564
961,0.40071943945821753
962,0.40071939312459215
963,0.4007152605362558
964,0.40071954656616793
965,0.40071945209036974
966,0.40071945021490046
967,0.40071945241172446
968,0.40071945158110245
969,0.4007194539696504
970,0.40071947824602233
971,0.40071944947472
972,0.40071944854343194
973,0.4007194530712009
974,0.4007194507805403
975,0.40071945004459303
976,0.4007194498309247
977,0.4007194522727031
978,0.40071945101947537
979,0.4007194500249219
980,0.40071896206521695
981,0.4007202347559386
982,0.40071885155078574
983,0.40071945003595716
984,0.400719450999779
985,0.4007194523252024
986,0.4007194495239561
987,0.40071944052305364
988,0.40071849645490937
989,0.4007194837174249
990,0.4007192798628474
991,0.4007193369666183
992,0.4007194519714525
993,0.4007194517672657
994,0.400719445185652
995,0.400719716135625
996,0.40071945075555987
997,0.4007194471007115
998,0.40071945029811645
999,0.400719660761774
1000,0.40071945243813534
1001,0.4007196322299156
1002,0.4007194600098473
1003,0.40071945235354833
1004,0.40071945008591275
1005,0.40070652912891547
1006,0.40071945008591275
1007,0.40071947236616706
1008,0.4007195406520135
1009,0.4006573028507846
1010,0.400716763620773
1011,0.40071906293682685
1012,0.40071951576099296
1013,0.4007194543106805
1014,0.40071930835926445
1015,0.40071941489709717
1016,0.4007197412848978
1017,0.4007195176444417
1018,0.40061495305353206
1019,0.40071964189726117
1020,0.40071944500567086
1021,0.4007143609694525
1022,0.4007195041735344
1023,0.40071948056863504
1024,0.40071946656848784
1025,0.40072136605926806
1026,0.40073209782688457
1027,0.40071987135890913
1028,0.4007197158715659
1029,0.40071947257700347
1030,0.40071975837314594
1031,0.40072003749016577
1032,0.40072000837141175
1033,0.4007197871314781
1034,0.4007226460444698
1035,0.40071934806442394
1036,0.40070864077957347
1037,0.4007192897938529
1038,0.40071945209124343
1039,0.40071945069863485
1040,0.4007194507928247
1041,0.40071945045462104
1042,0.4007194488012576
1043,0.4007194492370459
1044,0.4007194519399044
1045,0.4007194510833408
1046,0.40071945070956033
1047,0.40071945100278444
1048,0.4007194513315196
1049,0.40071945487749155
1050,0.4007194500091644
1051,0.4007194545334757
1052,0.400719451879437
1053,0.4007194514322022
1054,0.4007194497754711
1055,0.4007194914312867
1056,0.40071945192924896
1057,0.4007195552913911
1058,0.40071950699745884
1059,0.4007194515658096
1060,0.4007194506918809
1061,0.40071945080969484
1062,0.40071945075972126
1063,0.4007194505290355
1064,0.40071945008591275
1065,0.40071945209836035
1066,0.4007194511192856
1067,0.40071945033473577
1068,0.40071944992454533
1069,0.40071945047342167
1070,0.4007194510836863
1071,0.400719450772775
1072,0.40071944686019173
1073,0.40071945165625844
1074,0.4007194515595133
1075,0.4007194496590438
1076,0.40071945032958406
1077,0.400719450141932
1078,0.40071944989771846
1079,0.4007194499990131
1080,0.40071945081616245
1081,0.4007194493783399
1082,0.4007194495241233
1083,0.40071945121662833
1084,0.4007194520756784
1085,0.400719447538904
1086,0.4007194507661906
1087,0.40071875311782534
1088,0.4006403772928852
1089,0.4007194511898578
1090,0.40071965977700685
1091,0.40071947669227564
1092,0.4007190549470955
1093,0.4007184412279869
1094,0.40073269424928915
