reaction_index,Temp 1818.18
0,0.1513766295032643
1,0.15222508780088884
2,0.15220758834191678
3,0.1521883825347221
4,0.152226387116108
5,0.15222654149535986
6,0.15222655212193772
7,0.15222654054129042
8,0.15222654088994278
9,0.15222654103160135
10,0.15222654054129042
11,0.152226549742153
12,0.15222653438816872
13,0.15222653542794234
14,0.15222690575087577
15,0.15222824957653092
16,0.1522256668375411
17,0.1522271958051794
18,0.152226812004982
19,0.15222653929471436
20,0.15222654097360108
21,0.15222627630128302
22,0.15222658945705336
23,0.15222650410750768
24,0.15222655356606243
25,0.15222654173943503
26,0.15222654874656733
27,0.15222557772451548
28,0.15222610381965782
29,0.15222648142324788
30,0.15222653508649503
31,0.15222654144694409
32,0.15222633776776798
33,0.15222709357058936
34,0.1522265545188444
35,0.15222057116891388
36,0.1522265409066797
37,0.15219082341882875
38,0.15222665243142028
39,0.15222654095459504
40,0.1522265407817797
41,0.15220098268258758
42,0.15222999428399597
43,0.15222668896620878
44,0.15222653799949717
45,0.15222675661684573
46,0.15222652583814397
47,0.15222654890757636
48,0.1522188156774138
49,0.15222654369274535
50,0.15222643883874157
51,0.1522265245732549
52,0.15223765263694863
53,0.15222669145195628
54,0.1522265116614587
55,0.15222656196588172
56,0.1522265401761698
57,0.1522350487965687
58,0.15225776492084772
59,0.1522361028197188
60,0.15222793521872582
61,0.15223147952364316
62,0.15222685274478606
63,0.15222578149413174
64,0.15228547777276927
65,0.15224081226564354
66,0.15222651840307483
67,0.15222486670323349
68,0.15225466644782198
69,0.1522041376795776
70,0.15222272264072526
71,0.1522266618856058
72,0.1522258467553852
73,0.1522312468659603
74,0.1522265422646963
75,0.15222655275694105
76,0.152226422913914
77,0.15222664777678296
78,0.15222668780659607
79,0.15222655783539654
80,0.15222654215207584
81,0.1522287391901507
82,0.15222102014933922
83,0.15223248230118727
84,0.15222658461910893
85,0.15222658363907204
86,0.1522265660766397
87,0.15222654128594815
88,0.15222652667405676
89,0.15222654118163842
90,0.15222654110355222
91,0.15222654109837094
92,0.1522509935840618
93,0.15222656260987907
94,0.15222544039201097
95,0.15222654149656678
96,0.15222654561521703
97,0.15222654125558002
98,0.1522265432364759
99,0.15222654282856257
100,0.15222654051707996
101,0.15222607929132365
102,0.1522265406867726
103,0.15222685993615734
104,0.15222672648459834
105,0.15222654614392797
106,0.15222654494503884
107,0.15222655226591703
108,0.15223123391509055
109,0.15222214204840778
110,0.15222641008107776
111,0.15222653682437876
112,0.1522261929992321
113,0.15222654452969273
114,0.15222660371584992
115,0.15222677817980493
116,0.15222650738232385
117,0.1522265410980763
118,0.15222658897085753
119,0.15222653829383265
120,0.15222654059845403
121,0.1522265403590036
122,0.1522265410695334
123,0.1522265593622164
124,0.15222656500356976
125,0.15222653525891075
126,0.15222654507662334
127,0.15222653756647644
128,0.1522265429301712
129,0.15222654045587927
130,0.15222654173100872
131,0.15222508783373667
132,0.15220758819355798
133,0.1522237249956477
134,0.15222724504480603
135,0.1522274148492385
136,0.15222612376756864
137,0.15222710577615456
138,0.15220944242347145
139,0.15220005815702564
140,0.15219644623529172
141,0.152226729056725
142,0.15222652394147787
143,0.15222654094661847
144,0.15222652447925522
145,0.15223182133299165
146,0.15222653749663304
147,0.15222643964818508
148,0.15222652281653087
149,0.15222610082077281
150,0.15221860272032622
151,0.1522264606965735
152,0.1522265303360642
153,0.15222653300318395
154,0.15222654066150446
155,0.15222653926672808
156,0.152226540825918
157,0.15222724535679422
158,0.15222737813581866
159,0.15222575786618203
160,0.15221833096141535
161,0.1522304602874339
162,0.15222678827621844
163,0.15222654566153623
164,0.15222654129105348
165,0.15222139252401065
166,0.15222659020704662
167,0.15222609743574658
168,0.1522265424319922
169,0.15222654828248575
170,0.15220727602924244
171,0.15222073771523453
172,0.15222656539662868
173,0.15222659459082843
174,0.15222657879348966
175,0.152226285656605
176,0.1522265713122105
177,0.15222654272854727
178,0.15222649614797026
179,0.152205253706283
180,0.15222654691418439
181,0.15222604525743072
182,0.1522212252564734
183,0.1522265553946862
184,0.1522268823376142
185,0.15222640987420974
186,0.15222654061071322
187,0.15222653296506417
188,0.15222654097947338
189,0.15222654139799577
190,0.15222652741088286
191,0.1522265415255829
192,0.15222655577503083
193,0.1522265385317203
194,0.15222654102489214
195,0.1522265414902365
196,0.15222654135649924
197,0.15222654097630267
198,0.15222653910503733
199,0.15222654080236717
200,0.1522265406671947
201,0.15222654137252994
202,0.15222655501987517
203,0.15222654231955868
204,0.15222654094256227
205,0.15222654126218427
206,0.1522265409777439
207,0.15222654069412928
208,0.15222654120375628
209,0.1522265471792297
210,0.15251835560569807
211,0.15224958808735148
212,0.15227521577928543
213,0.15222633350386214
214,0.15222926309692755
215,0.15224737158404145
216,0.1522184083297476
217,0.1522104685269968
218,0.15220504433392576
219,0.15222654152696058
220,0.15222657739480072
221,0.15224988167915351
222,0.15224374197466564
223,0.15222800507507817
224,0.1522265411150558
225,0.15222510393982333
226,0.15222653466130806
227,0.15225286341517905
228,0.1522293136430476
229,0.15222717771037034
230,0.15222653668368627
231,0.1522267640456514
232,0.15222654156598267
233,0.1522265392673299
234,0.15222654067701136
235,0.15222654076249312
236,0.15222654183876638
237,0.15222654107426742
238,0.15222654058987614
239,0.15222654169626176
240,0.15222654125265328
241,0.1522272683646269
242,0.1522264461938996
243,0.15222522253749668
244,0.15222653180376144
245,0.1522612916659258
246,0.15223105308511128
247,0.15222729321921316
248,0.1522265359879375
249,0.15222676509411467
250,0.15222654106306108
251,0.15222654100137656
252,0.1522259828264215
253,0.15222650225701578
254,0.15222654070692776
255,0.15222654111036665
256,0.1522265587756968
257,0.15222654091791643
258,0.15222654114712705
259,0.15222654130786678
260,0.1522265414098253
261,0.15222741193668188
262,0.15222655382832634
263,0.15222651061855513
264,0.15222649091608811
265,0.15222654894765691
266,0.15222654054129042
267,0.15222158996464352
268,0.152224138435814
269,0.1522262437157588
270,0.15222580423017973
271,0.1522264880116721
272,0.1522264034005014
273,0.1522262800715169
274,0.15222653786429519
275,0.15222654353754642
276,0.15223195891766195
277,0.15222839541705702
278,0.15222641928602473
279,0.15222635610102464
280,0.15222660625545378
281,0.15222817066086933
282,0.15222654080891046
283,0.15222654073253447
284,0.1522265408119862
285,0.15222654080891046
286,0.1520952193728918
287,0.15222654083166803
288,0.15222654088253926
289,0.1522265411126891
290,0.1522265409720178
291,0.15222654134882646
292,0.15222655151584424
293,0.15222655483633807
294,0.1522266558423399
295,0.15222653853564375
296,0.15222656281790964
297,0.1522265590441251
298,0.15222653995837918
299,0.1522265401672936
300,0.15222654099745336
301,0.15222654061703375
302,0.15222654105176428
303,0.15222654066977423
304,0.15222654085643889
305,0.15222654061954352
306,0.15222654065149083
307,0.15222654021529164
308,0.1522265406427365
309,0.15222654046085135
310,0.1522265411035131
311,0.1522265553507763
312,0.152226540603388
313,0.15222654106100758
314,0.15222654084711787
315,0.15222627929804763
316,0.1522234362214848
317,0.15222654118234932
318,0.15222654028955337
319,0.15222654065774566
320,0.152224967916262
321,0.15222654059628826
322,0.15222653918475834
323,0.15222654090959203
324,0.15222654127673624
325,0.15222654103289077
326,0.1522265409646033
327,0.15222654069579158
328,0.15222654068887498
329,0.15222641048554392
330,0.15222645842691737
331,0.15222654082495576
332,0.15222654083426534
333,0.15222654057127546
334,0.15222654092616117
335,0.15222653793601648
336,0.15222654145472353
337,0.1522265408853486
338,0.15146224718474185
339,0.1522265411463679
340,0.15222654062664145
341,0.15222654097356436
342,0.15222654099832914
343,0.15222658149570042
344,0.15222652563192307
345,0.1522265399355093
346,0.15222743492647697
347,0.15222673433069042
348,0.1522264742851461
349,0.15222654077892034
350,0.15222640239240465
351,0.1522265377216412
352,0.15222653980529374
353,0.15222654151436144
354,0.1522265410622152
355,0.15222654403679584
356,0.15222654172403452
357,0.15222654135448632
358,0.15222631365613853
359,0.15222654029081664
360,0.1522265401042895
361,0.15222654054199725
362,0.15219355314831703
363,0.1522265408072275
364,0.15222654079194048
365,0.15222654113416417
366,0.1522265409882944
367,0.15222654109814918
368,0.15222654280656486
369,0.15222650330723275
370,0.15222685388719331
371,0.15222657610395404
372,0.15222652942274634
373,0.15222661668627896
374,0.15222588827475494
375,0.1522290297989926
376,0.1522265114269641
377,0.15222655083047998
378,0.15222638031822416
379,0.15222654083947176
380,0.15222654096353308
381,0.15222651862951256
382,0.1522265342011289
383,0.1522264484803582
384,0.15222654918718598
385,0.1522265408759008
386,0.15222654077310604
387,0.1522264501057393
388,0.152226574866394
389,0.1522265425931887
390,0.15223617679918527
391,0.15222654106830238
392,0.15222654223430368
393,0.15223427305689816
394,0.1522265408545405
395,0.152220389124182
396,0.15222666096987658
397,0.15222664468323052
398,0.15222736769751152
399,0.15222654092553584
400,0.15222654129204743
401,0.1522265409677377
402,0.152188563072993
403,0.15223763447881097
404,0.1522062984674597
405,0.15222833121793536
406,0.15222654260148866
407,0.15222655980127967
408,0.15222657686786095
409,0.1522265533348964
410,0.15222654207718775
411,0.15221983108829684
412,0.15222654110759087
413,0.15222654100929847
414,0.15222654087975182
415,0.15222654105660866
416,0.15222654658845336
417,0.15222654079571532
418,0.1522265404578271
419,0.15222654130312246
420,0.1522265411154713
421,0.15222654106875952
422,0.15222654109389017
423,0.15222654108271763
424,0.15222654044414213
425,0.15222654092442114
426,0.15222654386007328
427,0.15222654063299465
428,0.15222654113280454
429,0.15222654254943443
430,0.15222654055633425
431,0.15222654065651342
432,0.15222654110874223
433,0.15222654078620182
434,0.152226541023491
435,0.15222654065869556
436,0.15222654095220214
437,0.15222654040800396
438,0.1522265407564421
439,0.1522264648516401
440,0.1522264854485442
441,0.15222654063884578
442,0.15222631554293056
443,0.15222654035714048
444,0.15222654058262583
445,0.15222654076954925
446,0.1522265406334423
447,0.15222654018883766
448,0.1522265400783718
449,0.1522265410972407
450,0.15222654036709535
451,0.1522265410569683
452,0.15223228338226144
453,0.15222848324172533
454,0.1522265409778882
455,0.15222654101650904
456,0.15222654159137267
457,0.15222654129297064
458,0.15223321787531313
459,0.15222654122043205
460,0.1522265407786577
461,0.152227223050051
462,0.1522265405629942
463,0.15222654131550203
464,0.152226541197163
465,0.15222654061265234
466,0.15222708109957866
467,0.15222653898468266
468,0.15222654129610788
469,0.15222654977743677
470,0.15222657167432246
471,0.15222823865593707
472,0.15222654126033305
473,0.15222654105520947
474,0.15222656684286495
475,0.15222654065109828
476,0.15222467224468728
477,0.15222654096997493
478,0.15222654117653758
479,0.15222654076158892
480,0.1522265410331259
481,0.15222654104726543
482,0.15223522053810637
483,0.15222654083989481
484,0.15222661672958956
485,0.1522265409394345
486,0.15225098857086064
487,0.15222654495280138
488,0.15222687010936597
489,0.15222654101112476
490,0.15222654055312848
491,0.15222654038140826
492,0.15222654123767912
493,0.152226540570874
494,0.1522265411029404
495,0.15222654057222898
496,0.1522265412743309
497,0.15222654051527792
498,0.15222654114940426
499,0.15222654117618048
500,0.1522265407852455
501,0.15222654097018734
502,0.15222654045089348
503,0.15222654002759645
504,0.15222654077773665
505,0.1522265408620023
506,0.15222629390648337
507,0.1522265407044758
508,0.15222654100877853
509,0.15222595036233588
510,0.15219395290763937
511,0.15222477010123356
512,0.15222654101909522
513,0.15222660314766792
514,0.15222654080258796
515,0.15222654058295348
516,0.15222654070411856
517,0.15222654108759842
518,0.1522469020028461
519,0.15222656044920382
520,0.15222654116549067
521,0.15222653729112254
522,0.1522265407761745
523,0.1522265408913345
524,0.1522265413501656
525,0.15222654477033482
526,0.15222654104759026
527,0.1522265410999832
528,0.15222654055167784
529,0.15222654138955513
530,0.1522264943475334
531,0.1522266704347954
532,0.15221833940041382
533,0.15221885642900182
534,0.15222654020259174
535,0.1522265431281988
536,0.15222654097738947
537,0.15222653985235804
538,0.15222569912367823
539,0.15222664054424428
540,0.15222654090299167
541,0.1522265407388023
542,0.15222654087036658
543,0.15222567784777705
544,0.15222635699265247
545,0.1522204829362259
546,0.15222580697516316
547,0.15222897314504044
548,0.15222776148034498
549,0.152226532818999
550,0.1522365598902293
551,0.1522264042939547
552,0.1522267521739507
553,0.15222654129929863
554,0.15222665605697275
555,0.152226540638753
556,0.1522264053868767
557,0.15222657340208337
558,0.15222924790285106
559,0.15222654087906146
560,0.15222654163926733
561,0.15222654106107647
562,0.15222654048276868
563,0.15222657155973762
564,0.152226540811165
565,0.1522265407740624
566,0.15222654101930483
567,0.1522260126549519
568,0.15222653985148218
569,0.15222654602972746
570,0.15222652678769463
571,0.1522265408316889
572,0.15222654122115056
573,0.15222654069918742
574,0.15222654090008692
575,0.1522265481553371
576,0.15222654106112052
577,0.15222654126188195
578,0.1522265408942511
579,0.15222654065539828
580,0.15222654099488295
581,0.15222654041049946
582,0.15222654105520103
583,0.15222654055823012
584,0.15222677219887282
585,0.1522265411361365
586,0.15222653977721365
587,0.1522265414578347
588,0.15222654044357672
589,0.15222654085969717
590,0.15222654089789597
591,0.15222654083478232
592,0.15222715116730134
593,0.15222661603553175
594,0.15222665833313154
595,0.15222654174639444
596,0.15222654595417628
597,0.15222653655989488
598,0.15222653962174026
599,0.15222663435068798
600,0.15222685224671262
601,0.1522265406358765
602,0.1522238010240762
603,0.15222622720560738
604,0.15222664760372243
605,0.15222659377729145
606,0.15222654099201896
607,0.15222600018261256
608,0.15222890497692215
609,0.1522265403808412
610,0.15222654098148405
611,0.1522269185265547
612,0.1522265426320559
613,0.152226541778212
614,0.15222654069014085
615,0.15222654126741048
616,0.15222654536765784
617,0.15222654081161907
618,0.1522265404998178
619,0.15222654108847422
620,0.15222654097133786
621,0.15222654063935728
622,0.15222650054710335
623,0.15222653703825823
624,0.15222654065988514
625,0.15222654463519514
626,0.15225645961790835
627,0.1522275807547906
628,0.15222654088764803
629,0.15222654092803312
630,0.15222654003509287
631,0.15222654025365803
632,0.152226531507839
633,0.15221507871771547
634,0.15222654090803034
635,0.15222654088077592
636,0.15222654067520608
637,0.1522264922742377
638,0.15223323917275486
639,0.15223837150976804
640,0.1522265396545605
641,0.15222654083027706
642,0.15222654096947222
643,0.15222654084804105
644,0.15222654081326956
645,0.15222654036519834
646,0.15222654085222095
647,0.152226541210145
648,0.15222654108541533
649,0.1522265412688268
650,0.15222654115436293
651,0.15222654105718827
652,0.15222654101913188
653,0.15222654086896142
654,0.15222654103036795
655,0.15222654092513704
656,0.1522265410729488
657,0.15222654070321956
658,0.15222654123450371
659,0.15222654071273253
660,0.15222654089960216
661,0.15222654113007006
662,0.1522265406154453
663,0.1522265408008664
664,0.15222654128602284
665,0.15222654073405986
666,0.15222654102125807
667,0.15222654114190462
668,0.15222654137977118
669,0.15222654083279097
670,0.1522265412831603
671,0.1522265403915946
672,0.15222654092024396
673,0.15222654141578523
674,0.1522265407362449
675,0.15222654151628778
676,0.1522265408889603
677,0.15222654123737314
678,0.1522265417917717
679,0.15222653577411752
680,0.15222654057625945
681,0.15222654070579855
682,0.1522265409815138
683,0.15222654073364633
684,0.15222654019891674
685,0.15222654107160238
686,0.15222654112510067
687,0.15222654122309795
688,0.15222654055104862
689,0.152226541064628
690,0.15222654118049037
691,0.15222654071078257
692,0.15222654074021402
693,0.15222654079054965
694,0.1522265409374704
695,0.15222654038102348
696,0.1522265409030562
697,0.1522265411289201
698,0.15222654057326823
699,0.15219538537431246
700,0.15222654019599194
701,0.1522265407788337
702,0.1522265412331284
703,0.15222654122340473
704,0.15222654071612227
705,0.15222654095983404
706,0.15222654066244842
707,0.15222654112300962
708,0.1522265412854637
709,0.15222654072031147
710,0.15222654062702734
711,0.1522265411220917
712,0.1522265408286915
713,0.1522265412843927
714,0.1522265406759413
715,0.1522265405548474
716,0.15222654087224274
717,0.15222654098354838
718,0.1522265413539322
719,0.15222654075282793
720,0.15222654079861567
721,0.152226540546182
722,0.15222654031995247
723,0.15222654032936586
724,0.15222654047261047
725,0.15222654079229553
726,0.15222654126020294
727,0.15222654465043037
728,0.15222654107256353
729,0.15222654130722957
730,0.1522240397975129
731,0.15221801844211824
732,0.1522264200395361
733,0.15222655144319747
734,0.15222639639940416
735,0.15222654119105497
736,0.1522265416629367
737,0.15222654039979894
738,0.15222655520930317
739,0.15222653215085225
740,0.15222654100456115
741,0.1522265379848595
742,0.15222654098734117
743,0.1522265363913384
744,0.15222654101656416
745,0.15222641682477941
746,0.15222649882771563
747,0.15222654091260326
748,0.1522265410785494
749,0.15222654096891694
750,0.15222654109388029
751,0.15222654157738624
752,0.15222654121454635
753,0.15222654134017852
754,0.1522266127309124
755,0.15222654099395896
756,0.15222654095763172
757,0.15222635169648938
758,0.15222654221317022
759,0.15222654098233873
760,0.15222654097101276
761,0.15222654117772197
762,0.1522265411528228
763,0.15222654121316997
764,0.15222654080543538
765,0.15222654093022064
766,0.15222654104646546
767,0.1522269370562532
768,0.15222640123196624
769,0.15222655865818
770,0.15222654263390772
771,0.15222654227710156
772,0.15222654100495053
773,0.15222654019943688
774,0.15222669964343613
775,0.1522265402218479
776,0.1522265413058283
777,0.15222654694089993
778,0.15222650864398757
779,0.1522265378060862
780,0.1522262146218893
781,0.15222642415454632
782,0.15222612541136873
783,0.15222653971163697
784,0.15222653957516066
785,0.1522265917825802
786,0.15222649693398554
787,0.15222654075027012
788,0.1522265402949231
789,0.1522265376223878
790,0.1522265409475562
791,0.15222467697339293
792,0.15222654597519855
793,0.15222659054852758
794,0.1522265463641821
795,0.1522265405555549
796,0.15222653641592837
797,0.15222672547251503
798,0.15222654038361036
799,0.15222654037377745
800,0.15222654037262298
801,0.15222613351717187
802,0.15222654083680018
803,0.1522265404120971
804,0.15222654105596256
805,0.1522265408442398
806,0.15222710982369445
807,0.15222652135052636
808,0.1522265398047457
809,0.15222654115189896
810,0.15223082204904456
811,0.15222631364605635
812,0.15222654130076704
813,0.15222654087907347
814,0.15222654067424948
815,0.15222654207345726
816,0.15222654106672734
817,0.1522265407600362
818,0.15222654258654159
819,0.15222605610165227
820,0.15222598455581351
821,0.15222835778080143
822,0.1522412727238069
823,0.15222679795542304
824,0.15222775980875525
825,0.15222654220427165
826,0.1522265444406006
827,0.15222656823801906
828,0.15222655200363536
829,0.15222657493957806
830,0.15222654121754908
831,0.15222654094775867
832,0.1522264029061226
833,0.15222667044120383
834,0.1522265399294219
835,0.1522264181565978
836,0.15222651879824592
837,0.152226541324115
838,0.15222654192782442
839,0.152227726957446
840,0.152226540599092
841,0.1522265409234719
842,0.15222654174910816
843,0.1522265406762698
844,0.15222654090124296
845,0.15222654541230188
846,0.15222654086703144
847,0.15222654120585116
848,0.1522265410967551
849,0.15222654058786797
850,0.15222654098068103
851,0.1522265407923836
852,0.15222654097402497
853,0.152226540823385
854,0.15222654098636185
855,0.15222654087476128
856,0.15222654134321525
857,0.15222654114380393
858,0.15222654047888862
859,0.15222654089416995
860,0.15222654089148163
861,0.1522265406253051
862,0.15222654075050668
863,0.15222654117125123
864,0.15222654050298637
865,0.15222654141606146
866,0.15222654041119008
867,0.15222654074836042
868,0.15222654116970658
869,0.1522265406814243
870,0.15218748913281074
871,0.152226540873175
872,0.15222654135714792
873,0.15222654045902204
874,0.15222654056315996
875,0.15222654099007904
876,0.1522264347078177
877,0.1522261965305934
878,0.1522228379524868
879,0.15222654134027533
880,0.1522265581286597
881,0.15222654128601337
882,0.1522265409549737
883,0.1522266114818135
884,0.1522268574403421
885,0.15222653673337821
886,0.1522265565079317
887,0.15222649151417028
888,0.15222669262221844
889,0.15222668605220163
890,0.15222653965836042
891,0.15222653518849244
892,0.15222987214002853
893,0.15222706063092034
894,0.1522267033980021
895,0.15223271487478002
896,0.15222820488675645
897,0.15222556107630345
898,0.1522265217716869
899,0.15222653006683082
900,0.1522265760810214
901,0.15222424067510468
902,0.15222614865060527
903,0.15221125008884212
904,0.15222325938551207
905,0.15222654282877984
906,0.15222654512250616
907,0.15222654049336348
908,0.15222654156193377
909,0.15222661114416647
910,0.15222661612315905
911,0.15222654106769373
912,0.15222654144375003
913,0.15222654051863566
914,0.15222654090781032
915,0.15222654112393486
916,0.15222654075689535
917,0.15222653723198953
918,0.152226541094193
919,0.15222644445644906
920,0.15222654259647217
921,0.15222654085778692
922,0.15222654066540667
923,0.1522265411065344
924,0.15223471053731483
925,0.1522265457645282
926,0.15222654570116
927,0.15222661821615172
928,0.15222683279053442
929,0.1522265413884506
930,0.15222654132196875
931,0.15222654096374472
932,0.15222654120056925
933,0.15222654064908467
934,0.1522265412723775
935,0.152226540567326
936,0.15222654158695864
937,0.15222648931153068
938,0.15222654108885889
939,0.1522265408908137
940,0.15222653823780355
941,0.1522265326386027
942,0.15222654092855092
943,0.15222654113160553
944,0.152226541174586
945,0.15222641219498703
946,0.15222652281947963
947,0.15222654204204628
948,0.15222654147777392
949,0.15222653673373024
950,0.1522265402186593
951,0.1522266187332323
952,0.15222659092842378
953,0.15222654080720635
954,0.1522265406081994
955,0.15222654092599192
956,0.15222654071265207
957,0.1522265412506877
958,0.15222609682766533
959,0.15222199049816287
960,0.152226541047659
961,0.15222654083413178
962,0.15222653870299793
963,0.15222658249225557
964,0.15222655054042142
965,0.15222654073229194
966,0.15222654073806544
967,0.15222654050678777
968,0.1522265412671036
969,0.1522265414619985
970,0.1522265418125661
971,0.15222654107720954
972,0.15222654138670913
973,0.1522265412946643
974,0.15222654113790568
975,0.15222654081446607
976,0.1522265406013941
977,0.1522265408629276
978,0.1522265406770165
979,0.152226540990495
980,0.15222655015332245
981,0.152226679348785
982,0.1522265448242664
983,0.15222654113283465
984,0.15222654092531956
985,0.15222654098256788
986,0.15222654051762174
987,0.15222654070687552
988,0.15222655550287495
989,0.15222654432895194
990,0.1522265374119368
991,0.1522265425408482
992,0.15222654054593454
993,0.152226541045044
994,0.1522265398338256
995,0.15222667705233234
996,0.15222654112529246
997,0.15222654151069057
998,0.15222654050516032
999,0.15222656984444188
1000,0.15222654056420204
1001,0.1522265485863696
1002,0.15222654159958554
1003,0.15222654135696265
1004,0.15222654054129042
1005,0.1522236534294654
1006,0.15222654054129042
1007,0.15222654883141115
1008,0.1522265512577451
1009,0.15219212772830557
1010,0.152226262750099
1011,0.15222650814916128
1012,0.15222654832293336
1013,0.15222654111261533
1014,0.15222652562739958
1015,0.15222652847290002
1016,0.15222673265659128
1017,0.15222654818788714
1018,0.1522131681020574
1019,0.152226605822249
1020,0.15222654026105154
1021,0.15222528136129362
1022,0.15222654102930794
1023,0.1522265488444794
1024,0.15222654448557163
1025,0.15222686190019016
1026,0.1522284725800279
1027,0.15222657485361604
1028,0.1522265277600698
1029,0.15222653999410468
1030,0.15222655550640904
1031,0.15222658177048523
1032,0.15222663740801978
1033,0.1522266162182083
1034,0.15222693677836233
1035,0.15222651531341705
1036,0.152224611863578
1037,0.15222650827398537
1038,0.15222654087523704
1039,0.1522265407968031
1040,0.15222654106811329
1041,0.15222654082065812
1042,0.15222654029579055
1043,0.15222654102032374
1044,0.15222654092980956
1045,0.15222654078810519
1046,0.15222654071919492
1047,0.15222654120875662
1048,0.1522265412432516
1049,0.1522265414742312
1050,0.15222654083195425
1051,0.15222654080076536
1052,0.1522265408083083
1053,0.15222654099126123
1054,0.1522265409016658
1055,0.15222654561257093
1056,0.1522265407283997
1057,0.15222655225792972
1058,0.15222655018261613
1059,0.15222654042695818
1060,0.15222654092803525
1061,0.15222654102034197
1062,0.15222654118971599
1063,0.15222654081417483
1064,0.15222654054129042
1065,0.15222654102843636
1066,0.15222654103683622
1067,0.15222654032719832
1068,0.15222654102147604
1069,0.15222654077750858
1070,0.15222654100507213
1071,0.15222654102348965
1072,0.1522265414016402
1073,0.1522265410817127
1074,0.1522265410177086
1075,0.15222654086484164
1076,0.15222654078734849
1077,0.15222654122790166
1078,0.15222654054169946
1079,0.15222654046151662
1080,0.15222654042434275
1081,0.1522265410945557
1082,0.1522265409279824
1083,0.1522265407412466
1084,0.15222653923228605
1085,0.1522265409878259
1086,0.1522265409265026
1087,0.15222581727876874
1088,0.1522221676367935
1089,0.15222654107388575
1090,0.1522267513652545
1091,0.15222655867771684
1092,0.1522258693602305
1093,0.1522264924801211
1094,0.15222877895902817
