reaction_index,Temp 1818.18
0,0.07022044534993441
1,0.07105763437066798
2,0.07103948916724884
3,0.0710056031394212
4,0.07106020678993748
5,0.07105921213636837
6,0.07105922056155792
7,0.07105920999540115
8,0.07105920942019733
9,0.07105920977934066
10,0.07105920999540115
11,0.07105922009196858
12,0.07105922872211153
13,0.07105920974112252
14,0.07105975340431324
15,0.07106391443416865
16,0.07105747480552371
17,0.07106083214243139
18,0.07106018243121168
19,0.07105914112506233
20,0.07105920885057092
21,0.0710580149128058
22,0.07105942508109557
23,0.0710592008680343
24,0.07105926991409131
25,0.07105921905347796
26,0.07105927330596896
27,0.07105732885568235
28,0.07105886659174143
29,0.07105915111733885
30,0.07105920375395558
31,0.07105921199587605
32,0.071058902945736
33,0.0710601280861522
34,0.07105911842704145
35,0.07104107248343858
36,0.07105920965162922
37,0.07101204950655751
38,0.07105938122986045
39,0.07105921009474328
40,0.07105920962703859
41,0.07100213036273934
42,0.07106609373327474
43,0.07105954359221187
44,0.07105921074871581
45,0.07105943831230462
46,0.07105975419371163
47,0.07105923236360394
48,0.07105094463248915
49,0.07105921147997449
50,0.07105910017498163
51,0.07105918311019066
52,0.07108350092966956
53,0.07105936226889212
54,0.07105905170147205
55,0.07105924459909269
56,0.07105923123084186
57,0.07107251059862241
58,0.07110732310566875
59,0.07107199501987438
60,0.07106160709279846
61,0.07106596449577883
62,0.07106031525075898
63,0.0710575180476069
64,0.0711205682990903
65,0.0710734620125364
66,0.07105915643881197
67,0.07105617791240203
68,0.07107550537030669
69,0.07104177846809334
70,0.07105673829661503
71,0.0710594969928467
72,0.07105835534759379
73,0.0710682730820204
74,0.07105921640353238
75,0.07105924162180974
76,0.07105913373146266
77,0.07105942144043384
78,0.07105955041196564
79,0.07105927922035223
80,0.0710592133919711
81,0.07106648658528607
82,0.0710458705299441
83,0.07107296703911282
84,0.07105939793087726
85,0.07105935960123176
86,0.07105930128682358
87,0.07105920961708109
88,0.07105913967433508
89,0.07105920916809104
90,0.07105920985086271
91,0.07105920989992613
92,0.07107779387209552
93,0.07105926414010973
94,0.07105566711575038
95,0.07105921388903805
96,0.07105923847071922
97,0.07105920963831089
98,0.07105921411018322
99,0.0710592177597724
100,0.07105920868205393
101,0.07105799341244767
102,0.07105920826680588
103,0.07105995552903381
104,0.07105951097154535
105,0.07105922275370466
106,0.07105921265461228
107,0.07105923260072661
108,0.07106125705383862
109,0.07104785433265896
110,0.07105879857422218
111,0.07105918567620212
112,0.07105813344478028
113,0.0710592217416747
114,0.07105886589569174
115,0.07105800773777288
116,0.07105905829343862
117,0.07105920964044775
118,0.07105949407715721
119,0.07105920283461455
120,0.07105920967630315
121,0.07105920868313613
122,0.07105921008890974
123,0.0710592723388322
124,0.0710593296754514
125,0.07105918355647385
126,0.0710592275503788
127,0.07105920069889626
128,0.07105921552239074
129,0.07105920812669764
130,0.07105921076760519
131,0.07105763493177938
132,0.07103948953290136
133,0.07105650747607031
134,0.0710601591395009
135,0.07106066276081859
136,0.07105838394864508
137,0.07106258207961962
138,0.0710385012596567
139,0.07103636506302553
140,0.07099670459319467
141,0.07106071984755562
142,0.07105918260740594
143,0.07105920949035056
144,0.07105918590421301
145,0.07106743921423123
146,0.07105920543364587
147,0.07105904479499539
148,0.07105917985219386
149,0.07105858028502582
150,0.07104809342753075
151,0.07105903148888909
152,0.07105920062157432
153,0.0710592021936608
154,0.0710592099245235
155,0.07105914151709126
156,0.07105920905280104
157,0.07106121218378302
158,0.07106029475249181
159,0.07105735490392322
160,0.07104568143551655
161,0.07106342850697436
162,0.07105991782438564
163,0.07105923673586774
164,0.07105920991004867
165,0.07103756280021864
166,0.07105929312819739
167,0.07105788006297326
168,0.07105921917054339
169,0.07105927287004424
170,0.07102726143457001
171,0.07104447844366414
172,0.07105927679196773
173,0.07105938843835573
174,0.07105930842432534
175,0.07105879495880614
176,0.07105940114254602
177,0.07105922441369135
178,0.0710591272717764
179,0.07096121302343927
180,0.07105923970017498
181,0.07105825187002929
182,0.07105248735975593
183,0.07105926512447948
184,0.07105994181756714
185,0.07105861617629927
186,0.07105920789837752
187,0.07105917327135663
188,0.07105920913570093
189,0.07105920906401196
190,0.07105910927554766
191,0.07105924049426064
192,0.07105923945466137
193,0.07105920551979712
194,0.07105920945030057
195,0.07105921066340833
196,0.07105920988161246
197,0.07105920993441253
198,0.07105920735292384
199,0.07105920949646842
200,0.0710592103241813
201,0.0710592259412653
202,0.07105929425427647
203,0.07105921305319658
204,0.0710592095990078
205,0.07105920969212896
206,0.07105920952569683
207,0.07105920922238163
208,0.07105920990265607
209,0.07105922259061123
210,0.07122284780957969
211,0.07106978883045555
212,0.07109475287457584
213,0.07105891359479573
214,0.07106968041805252
215,0.07107955635095145
216,0.07104979707559025
217,0.07103637756248989
218,0.07103955280276605
219,0.07105921012518575
220,0.07105932860799773
221,0.07110692845007317
222,0.07108820593362515
223,0.07106417357007458
224,0.07105920973778243
225,0.0710565022155456
226,0.07105919766006302
227,0.07113313247451651
228,0.07106513415579632
229,0.07106315976327172
230,0.07105918444758431
231,0.07106084984871355
232,0.07105921019098266
233,0.07105914144578537
234,0.07105921028166656
235,0.0710592099646446
236,0.07105921028515792
237,0.07105920931927459
238,0.07105920991164372
239,0.07105921418472703
240,0.07105921184424525
241,0.07106297132184933
242,0.07105900846889698
243,0.07105610375733476
244,0.07105919109612091
245,0.07114862616756697
246,0.07106762957427214
247,0.07106348861016845
248,0.07105917802614926
249,0.07106068873891645
250,0.07105920987937563
251,0.07105921014206608
252,0.07103713049322763
253,0.07105779796914787
254,0.07105921085645965
255,0.07105920986417105
256,0.07105924322390621
257,0.07105920999237732
258,0.07105920970939433
259,0.0710592122614754
260,0.07105921161692312
261,0.07106310412620262
262,0.07105934428818045
263,0.07105917021914666
264,0.07105914559417582
265,0.07105927773992894
266,0.07105920999540115
267,0.07104695992174771
268,0.07105320888547148
269,0.07105846590889241
270,0.07105677893228478
271,0.07105769385759184
272,0.07105890501553162
273,0.07105863756064662
274,0.07105995836612601
275,0.07106001379842355
276,0.07106758300007486
277,0.07106221854005819
278,0.07106151246609223
279,0.07106753426196591
280,0.07105969512031887
281,0.07107052225014315
282,0.0710592112538058
283,0.0710592107909552
284,0.0710592113494502
285,0.07105921096333843
286,0.07094979570056022
287,0.0710592099701801
288,0.07105920992247614
289,0.07105921140535967
290,0.0710592115582704
291,0.0710592083080134
292,0.07105923810919723
293,0.07105927037287217
294,0.07105968344789322
295,0.0710592062534889
296,0.07105943000880117
297,0.07105939013715645
298,0.0710592083103237
299,0.07105920425320825
300,0.07105921015414665
301,0.07105920867276412
302,0.07105920985253307
303,0.07105920860460836
304,0.07105920984878664
305,0.07105920929240671
306,0.07105920994264517
307,0.07105920998355911
308,0.07105920977059697
309,0.07105920883801067
310,0.07105920967017268
311,0.07105933805557116
312,0.07105920958534612
313,0.07105920959139947
314,0.07105920954111089
315,0.07105895361214504
316,0.07105319655933648
317,0.07105920953293018
318,0.07105920938606655
319,0.07105920932166916
320,0.0710578786540464
321,0.07105920958977865
322,0.07105920554951688
323,0.0710592091843046
324,0.07105920970145271
325,0.0710592099222618
326,0.07105920959780704
327,0.07105920995074808
328,0.07105920956366969
329,0.07105890340481077
330,0.07105907949298243
331,0.07105920996884164
332,0.07105920992260081
333,0.07105920970401791
334,0.07105920999294878
335,0.07105920497785241
336,0.07105921038904815
337,0.071059209872765
338,0.0708190424916338
339,0.07105920982574089
340,0.07105920905586349
341,0.0710592098929745
342,0.07105921000334328
343,0.07106557577985345
344,0.071059198136015
345,0.07105920320783138
346,0.0710622173036143
347,0.0710596130491011
348,0.07105897203747505
349,0.0710592086979948
350,0.07105886064747481
351,0.07105920273179736
352,0.07105920071304803
353,0.07105921066645807
354,0.07105921046464611
355,0.07105923025766288
356,0.07105921208222345
357,0.07105920998869662
358,0.07105878345158974
359,0.0710592088836828
360,0.07105920799208236
361,0.07105921009006622
362,0.07104945151881521
363,0.07105920966734453
364,0.07105920910358089
365,0.07105920935518267
366,0.07105920982354155
367,0.07105920954827008
368,0.07105921251550104
369,0.07105916479592457
370,0.071057556694666
371,0.07105907374761404
372,0.07105917886977198
373,0.07105938344049052
374,0.07105848436851508
375,0.07106255800292768
376,0.07105914971265473
377,0.07105925166705537
378,0.07105874191466538
379,0.07105921026076532
380,0.07105920971950899
381,0.07105904853786549
382,0.07105920181898878
383,0.07105909699765944
384,0.07105921331761773
385,0.07105920964621155
386,0.07105920967393865
387,0.0710591752734345
388,0.07105924218380277
389,0.07105921189867129
390,0.07106139687825827
391,0.07105921063750825
392,0.07105921237528107
393,0.07106311139368925
394,0.07105920963865618
395,0.07105622899469848
396,0.0710594212334057
397,0.07105937237423378
398,0.0710619017723743
399,0.07105921317685823
400,0.07105921220486043
401,0.07105920939971577
402,0.07103736120599204
403,0.071070575639893
404,0.07105167914737402
405,0.07106036767114624
406,0.07105921353692979
407,0.07105928014914906
408,0.0710593363254439
409,0.07105921913278067
410,0.07105921636762637
411,0.07105546677109652
412,0.07105921062275378
413,0.07105920947979744
414,0.07105920972603653
415,0.071059209291585
416,0.07105921487133146
417,0.0710592099325404
418,0.07105921034007169
419,0.07105920954758836
420,0.07105921086888972
421,0.0710592101266421
422,0.07105920991532694
423,0.07105920972199097
424,0.07105920969646964
425,0.07105920970770635
426,0.07105923499422147
427,0.07105920962356493
428,0.0710592097984355
429,0.07105921966783496
430,0.07105920955540322
431,0.07105920903803967
432,0.07105921017605868
433,0.07105920940637686
434,0.07105921005934111
435,0.07105921009926369
436,0.07105920866853341
437,0.0710592097622836
438,0.07105920976780604
439,0.07105899109250463
440,0.07105903678197374
441,0.07105920981636384
442,0.07105901317975769
443,0.07105920936419642
444,0.07105920975970616
445,0.07105920953013466
446,0.07105920958180442
447,0.07105920952163196
448,0.07105920931903202
449,0.07105920994997411
450,0.07105920931850834
451,0.07105920993286288
452,0.07106448170532885
453,0.07105998692558273
454,0.07105920994593126
455,0.07105921093985958
456,0.07105920976032803
457,0.07105920994788041
458,0.07106428867018531
459,0.0710592097880108
460,0.07105920997217738
461,0.07105979954518366
462,0.07105920954818096
463,0.07105920986609156
464,0.07105921103155659
465,0.07105921188034511
466,0.07105956223791143
467,0.07105920467877057
468,0.07105921029140175
469,0.07105921885756007
470,0.07105922649802907
471,0.07105964255493682
472,0.07105920942711766
473,0.07105920969345544
474,0.07105921632695482
475,0.07105920970809701
476,0.07105787110825287
477,0.07105920936662727
478,0.0710592098978893
479,0.07105921002222278
480,0.07105920892807173
481,0.07105920979713869
482,0.07106360903949291
483,0.07105920987852046
484,0.07105923248085011
485,0.07105920934418528
486,0.07108027712713018
487,0.07105922442030571
488,0.07105967793241005
489,0.07105920946665593
490,0.07105921021997921
491,0.07105920967632334
492,0.07105920989441826
493,0.0710592094217939
494,0.0710592091972638
495,0.07105920903938606
496,0.07105920933825359
497,0.07105920970395371
498,0.07105920951354032
499,0.07105920946688989
500,0.07105920945231502
501,0.07105921008506477
502,0.07105920989406925
503,0.07105920994396608
504,0.07105920966605105
505,0.07105921010497115
506,0.07105902872831134
507,0.07105920969031122
508,0.07105920925441535
509,0.07105846201147477
510,0.07103119820584998
511,0.07105649382582503
512,0.07105920991552818
513,0.07105923659171645
514,0.07105920960894598
515,0.07105920957372638
516,0.07105921006714348
517,0.07105920941879776
518,0.07110595208674848
519,0.07105924010427905
520,0.0710592108732363
521,0.07105920752849851
522,0.07105920975927435
523,0.07105920990203368
524,0.07105921046037192
525,0.07105921653673894
526,0.07105920983437204
527,0.07105921009536659
528,0.07105920952912108
529,0.0710592092387891
530,0.07105918635978002
531,0.07105906802576434
532,0.07105440794556707
533,0.07105485965576067
534,0.07105920978390012
535,0.07105921544503138
536,0.07105921004890592
537,0.07105920970501087
538,0.07105893697917244
539,0.07105921797239807
540,0.07105921214570268
541,0.07105921039244098
542,0.07105921112660692
543,0.07105318827316509
544,0.0710579630379531
545,0.0710515743903543
546,0.07105827960040391
547,0.07106488268843388
548,0.07106466633510566
549,0.07105915886132547
550,0.07108748413561371
551,0.07105896417588599
552,0.07106037180475364
553,0.07105921037086851
554,0.07105903927810184
555,0.07105921218579012
556,0.07105889623027875
557,0.071059530996994
558,0.07106700438682406
559,0.07105922366568869
560,0.07105922369820994
561,0.07105920927148277
562,0.07105920981511685
563,0.07105938712891119
564,0.07105920971817947
565,0.071059211971948
566,0.07105921006568218
567,0.07105849458079294
568,0.07105920918940226
569,0.07105924975108129
570,0.07105913056622752
571,0.07105920928170145
572,0.07105920985626987
573,0.07105921004067836
574,0.07105920963349019
575,0.07105922310022988
576,0.07105921008869606
577,0.07105920975800092
578,0.07105920977470959
579,0.07105920972853655
580,0.07105921019861786
581,0.071059209208546
582,0.07105920996568947
583,0.07105920999759417
584,0.07105944945352596
585,0.07105920996494915
586,0.07105920728436871
587,0.07105920941961451
588,0.07105920974139235
589,0.07105921000876242
590,0.07105921011566038
591,0.07105920968875067
592,0.0710615539824924
593,0.07105969720645156
594,0.07106001018910706
595,0.07105921393052372
596,0.07105924631150269
597,0.07105920947838999
598,0.07105920366617514
599,0.07105947884846414
600,0.07105983247852503
601,0.07105920900960123
602,0.07105035083607181
603,0.07105818833614869
604,0.0710592156620189
605,0.07105921353170841
606,0.07105920937444934
607,0.07105856279867025
608,0.07106705634817802
609,0.0710592086114243
610,0.07105920958975853
611,0.0710606228772558
612,0.07105921384508301
613,0.07105922182597989
614,0.07105921116658964
615,0.07105920950839624
616,0.07105921560305448
617,0.07105921013639566
618,0.07105920965025857
619,0.07105920967198252
620,0.07105920986844043
621,0.07105920936143272
622,0.07105899039840097
623,0.07105917106320726
624,0.07105921225012375
625,0.07105921971234966
626,0.07106162922105252
627,0.07105866445739575
628,0.0710592100269376
629,0.0710592094709499
630,0.07105920967375483
631,0.07105920946446918
632,0.07105919939555529
633,0.07105705108504744
634,0.07105920987445803
635,0.07105920975587826
636,0.07105920622328099
637,0.07105917225103928
638,0.0710601270575123
639,0.07106140216326452
640,0.07105921851417327
641,0.07105920971721057
642,0.07105920956707984
643,0.07105921151888198
644,0.07105921021617917
645,0.07105921004607861
646,0.07105920964209761
647,0.07105920995086673
648,0.07105920941930137
649,0.0710592104540888
650,0.0710592097393847
651,0.07105920994985823
652,0.07105920954714245
653,0.07105920974137601
654,0.07105920960944764
655,0.07105920904181079
656,0.07105920965444129
657,0.07105920927678683
658,0.07105920985061122
659,0.07105920991987247
660,0.07105921021081327
661,0.07105920960559357
662,0.07105920825793187
663,0.0710592099085556
664,0.07105920945599625
665,0.07105920995631687
666,0.07105920989362474
667,0.07105920997589212
668,0.07105920977878927
669,0.07105921025381079
670,0.07105921188290427
671,0.07105920338022638
672,0.07105920947516634
673,0.07105920967667577
674,0.07105921012525622
675,0.07105920983383243
676,0.07105921006527194
677,0.07105920943269609
678,0.07105921591543893
679,0.0710592083531333
680,0.07105920942954519
681,0.07105921026772043
682,0.07105920961290971
683,0.07105920985969663
684,0.07105920973582054
685,0.07105920978116353
686,0.07105920978199609
687,0.07105921001062879
688,0.07105920996218512
689,0.07105920992301525
690,0.07105921025162236
691,0.07105921024791426
692,0.07105920886509211
693,0.07105920998400193
694,0.07105920994945085
695,0.07105921009150243
696,0.07105920949671429
697,0.07105920953257593
698,0.07105921002597095
699,0.07102463881796386
700,0.07105920988278365
701,0.07105920962814634
702,0.0710592101090257
703,0.07105920928171501
704,0.07105920970032703
705,0.07105920951376142
706,0.07105920954039284
707,0.07105920981057734
708,0.07105921017217426
709,0.0710592101105948
710,0.07105920976791162
711,0.0710592102177382
712,0.07105920932797655
713,0.0710592096092193
714,0.07105921012581283
715,0.07105920987299269
716,0.07105920985146749
717,0.07105920961885828
718,0.0710592088942337
719,0.07105920952997186
720,0.07105920921185287
721,0.07105920948679963
722,0.07105920974786456
723,0.07105920979579596
724,0.07105921016677046
725,0.07105920977853682
726,0.07105920989088357
727,0.0710592095097906
728,0.07105920973466097
729,0.07105920990617295
730,0.07105092987658788
731,0.07104667279769188
732,0.07105864292807432
733,0.07105924699308885
734,0.07105902239127389
735,0.07105921027937052
736,0.07105921417068295
737,0.07105921057727939
738,0.07105931843789524
739,0.07105920675636282
740,0.07105920959314482
741,0.07105919938308845
742,0.07105921011925029
743,0.07105919829001908
744,0.0710592100659508
745,0.07105906239697556
746,0.07105914086385967
747,0.07105920991700734
748,0.07105920980460617
749,0.07105920985135936
750,0.07105920966674273
751,0.0710592143456696
752,0.07105920968155724
753,0.07105921188489836
754,0.07105950523281289
755,0.07105920985951357
756,0.0710592103788073
757,0.0710589117837398
758,0.0710592325643983
759,0.07105921010270763
760,0.07105921053647485
761,0.0710592101333316
762,0.07105920989256723
763,0.07105921024996051
764,0.07105920924591708
765,0.07105920977248964
766,0.07105920947899161
767,0.0710598477252729
768,0.07105912554269019
769,0.07105922159828783
770,0.07105920987573673
771,0.07105921053385358
772,0.07105921008817444
773,0.07105920919967465
774,0.07105925959141912
775,0.07105920967623798
776,0.07105920982115436
777,0.07105923928085303
778,0.07105917133620901
779,0.07105920716844602
780,0.07105880969257776
781,0.0710591295174369
782,0.07105904275029779
783,0.07105921140837529
784,0.07105921150202134
785,0.07105928453099741
786,0.07105914268490186
787,0.07105920941242481
788,0.07105920886561386
789,0.07105920329877709
790,0.07105920985200055
791,0.07105551269289537
792,0.0710592156464237
793,0.07105921573175586
794,0.0710592140521103
795,0.0710592094929465
796,0.07105920814822768
797,0.07105926736984185
798,0.07105920950524182
799,0.07105920932377689
800,0.07105920954311652
801,0.0710589032610438
802,0.07105921004829772
803,0.07105920959211418
804,0.07105920910655306
805,0.07105920962390679
806,0.07105953792893765
807,0.07105920090457002
808,0.07105920908828335
809,0.07105921022330042
810,0.07106094221685913
811,0.07105892137364696
812,0.07105920948899609
813,0.07105920917477297
814,0.0710592096720645
815,0.07105920725703956
816,0.07105920932710558
817,0.07105920953030866
818,0.07105921067318864
819,0.0710589972740318
820,0.07105896785025652
821,0.07106023556590337
822,0.07106724629005118
823,0.0710593882773432
824,0.07106003045294998
825,0.07105921276592292
826,0.0710592159816975
827,0.07105926123000711
828,0.07105922385919364
829,0.07105924974079209
830,0.07105921095976868
831,0.071059209618798
832,0.0710586445146285
833,0.07105954222440707
834,0.07105920768133277
835,0.07105899048350285
836,0.07105837578415818
837,0.07105874131889324
838,0.07105902552128408
839,0.07106046216558835
840,0.0710592097281191
841,0.07105921018175941
842,0.07105920986475486
843,0.07105921016670207
844,0.07105920977162475
845,0.07105921062071663
846,0.07105920987543825
847,0.07105920965974163
848,0.07105920995544314
849,0.07105920968213124
850,0.07105921000864643
851,0.07105920970293046
852,0.07105921013878662
853,0.07105920968967977
854,0.07105920973615422
855,0.07105921002356072
856,0.07105920957853745
857,0.07105920998869387
858,0.0710592094374948
859,0.07105920930647877
860,0.07105920889987864
861,0.07105920814679251
862,0.07105920964492214
863,0.07105920985315133
864,0.07105920998341171
865,0.07105920954988663
866,0.07105920993872046
867,0.07105924985747264
868,0.07105921007950614
869,0.07105921025296366
870,0.07103799899194782
871,0.07105921012317833
872,0.07105921004998846
873,0.07105920979470821
874,0.07105921015747248
875,0.07105920945996669
876,0.0710590247512736
877,0.07105874400381258
878,0.07105433397680753
879,0.07105921022580966
880,0.07105929087412421
881,0.07105920924638512
882,0.07105920603025193
883,0.0710594120610855
884,0.0710596905745487
885,0.07105920250282856
886,0.07105923097852285
887,0.07105905570759445
888,0.07105973611170428
889,0.07105968528619284
890,0.07105920323955367
891,0.07105918818376633
892,0.07106542237142457
893,0.07106024429548245
894,0.07105956002135048
895,0.07106891661640516
896,0.07106597249839132
897,0.07105962421678412
898,0.07105918367237765
899,0.07105920370067056
900,0.07105932693308466
901,0.07105548335327581
902,0.07105899519876993
903,0.07104152155780206
904,0.0710539449446379
905,0.07105921797386017
906,0.07105923751359164
907,0.07105920977703764
908,0.07105921351226349
909,0.07105939409487869
910,0.07105956722094023
911,0.07105921053888738
912,0.07105921282827354
913,0.07105920991625854
914,0.0710592093853276
915,0.07105920977367629
916,0.07105920990447318
917,0.07105919977831071
918,0.07105920956416667
919,0.071059091604904
920,0.07105921987495946
921,0.07105921044704525
922,0.07105920982051543
923,0.07105920948346324
924,0.07107258993937966
925,0.07105923765021085
926,0.0710592360808562
927,0.07105940513069173
928,0.07105971198395059
929,0.07105921172118285
930,0.07105921251248588
931,0.07105920999197973
932,0.07105920980389936
933,0.07105920974804067
934,0.07105921286792088
935,0.07105920967834958
936,0.07105921403699089
937,0.07105915680554545
938,0.07105920989229625
939,0.07105920976701613
940,0.07105920141423129
941,0.07105919206140822
942,0.07105920967164073
943,0.07105920982329568
944,0.07105920965275386
945,0.07105904469734414
946,0.07105917545100457
947,0.07105921386368731
948,0.07105921043909487
949,0.07105920447162807
950,0.07105920989456822
951,0.07105926385567063
952,0.07105924938927709
953,0.07105920950778317
954,0.07105920989475228
955,0.07105920963628215
956,0.07105920956014312
957,0.07105921005776349
958,0.0710589662383573
959,0.07105119128059746
960,0.07105920981140205
961,0.07105920934489937
962,0.0710592059004122
963,0.07105902009494734
964,0.07105922715202326
965,0.07105920982087506
966,0.07105920979412925
967,0.07105920988403965
968,0.07105920936744457
969,0.07105920990984609
970,0.07105921155767926
971,0.07105920964483471
972,0.07105920995992919
973,0.0710592098489022
974,0.07105920994830703
975,0.07105921002253618
976,0.07105920941941553
977,0.07105920965119708
978,0.0710592096745322
979,0.07105920972072467
980,0.0710591863986215
981,0.071059437325174
982,0.07105916226577673
983,0.0710592095362151
984,0.07105920949746948
985,0.07105920968076705
986,0.07105920967569734
987,0.07105920971375823
988,0.07105916921522366
989,0.07105921622397718
990,0.07105919313305814
991,0.07105920159031667
992,0.07105921006679318
993,0.07105920960410887
994,0.07105920954474532
995,0.07105941792639808
996,0.0710592097619934
997,0.07105921099577711
998,0.07105920995753146
999,0.07105926478598527
1000,0.071059210412733
1001,0.07105923289290737
1002,0.07105921080241434
1003,0.0710592099701119
1004,0.07105920999540115
1005,0.07105493903019555
1006,0.07105920999540115
1007,0.07105922046082415
1008,0.07105924323916046
1009,0.07102488190917257
1010,0.07105823995636534
1011,0.07105913695851683
1012,0.07105921908249047
1013,0.07105921116123014
1014,0.07105917238471807
1015,0.0710591951650779
1016,0.07105931766361917
1017,0.07105922898701482
1018,0.07103701673147193
1019,0.07105934494090473
1020,0.07105920728453408
1021,0.07105700695387485
1022,0.07105921643038006
1023,0.07105922406680781
1024,0.07105921643790483
1025,0.07105961930066443
1026,0.07106277243819066
1027,0.07105930685652286
1028,0.07105921141603268
1029,0.07105920968140575
1030,0.07105925050833449
1031,0.07105931583363599
1032,0.07105939141902945
1033,0.07105934702605912
1034,0.07105967025520797
1035,0.07105915512107915
1036,0.07105594632777627
1037,0.07105914198505646
1038,0.07105920990821285
1039,0.07105920958703899
1040,0.07105920916226979
1041,0.07105920992192574
1042,0.07105920995067791
1043,0.07105920958405412
1044,0.07105920992469117
1045,0.07105921000401538
1046,0.07105920965153646
1047,0.07105920925309676
1048,0.07105921057877188
1049,0.07105921055861372
1050,0.07105920956361522
1051,0.0710592106778312
1052,0.07105920953099173
1053,0.07105920979052112
1054,0.07105920946053115
1055,0.07105922567033243
1056,0.07105920992265413
1057,0.071059228637529
1058,0.07105922384402254
1059,0.07105920951211185
1060,0.07105920967629763
1061,0.07105920900697665
1062,0.07105921010097173
1063,0.07105920991997759
1064,0.07105920999540115
1065,0.07105920980027242
1066,0.07105920978184561
1067,0.07105920929247227
1068,0.07105921005552555
1069,0.07105920951847136
1070,0.07105920899049636
1071,0.07105920951064607
1072,0.07105920979890375
1073,0.07105920888735694
1074,0.07105920916805702
1075,0.07105920985347783
1076,0.07105921022459437
1077,0.07105920949385815
1078,0.07105920971435044
1079,0.071059209602687
1080,0.07105921008689714
1081,0.07105920989150087
1082,0.07105920941391808
1083,0.07105920938719718
1084,0.07105920823987041
1085,0.07105920890631126
1086,0.07105920983438538
1087,0.07105875036275239
1088,0.07104802389723502
1089,0.0710592093103769
1090,0.07105935033932252
1091,0.07105922253011067
1092,0.07105897614741712
1093,0.07105910921205556
1094,0.07106098772000316
